40000 1695394591
40000 1695394592
40022 1695394593
40008 1695394594
40012 1695394595
40008 1695394596
40010 1695394597
40011 1695394598
40009 1695394599
40007 1695394600
40013 1695394601
40006 1695394602
40008 1695394603
40006 1695394604
40010 1695394605
40006 1695394606
40002 1695394607
40010 1695394608
40007 1695394609
40009 1695394610
40004 1695394611
40011 1695394612
40010 1695394613
120 1695394613
40005 1695394614
40008 1695394615
40007 1695394616
40006 1695394617
40013 1695394618
40009 1695394619
40011 1695394620
40008 1695394621
40006 1695394622
40007 1695394623
40011 1695394624
40013 1695394625
40009 1695394626
40007 1695394627
40004 1695394628
40003 1695394629
40007 1695394630
40012 1695394631
40009 1695394632
40008 1695394633
40015 1695394634
40010 1695394635
40006 1695394636
40016 1695394637
40010 1695394638
40007 1695394639
40006 1695394640
40004 1695394641
40004 1695394642
40006 1695394643
40011 1695394644
40006 1695394645
40007 1695394646
40008 1695394647
40008 1695394648
40010 1695394649
40008 1695394650
40007 1695394651
40006 1695394652
40006 1695394653
40008 1695394654
40010 1695394655
40010 1695394656
40002 1695394657
40006 1695394658
40008 1695394659
40007 1695394660
40010 1695394661
40005 1695394662
40003 1695394663
40012 1695394664
40008 1695394665
40011 1695394666
40010 1695394667
40010 1695394668
40010 1695394669
40007 1695394670
40010 1695394671
40003 1695394672
40010 1695394673
40006 1695394674
40010 1695394675
40015 1695394676
40009 1695394677
40010 1695394678
40008 1695394679
40010 1695394680
40006 1695394681
40007 1695394682
40008 1695394683
1180 1695394683
40011 1695394684
40009 1695394685
40007 1695394686
40004 1695394687
40005 1695394688
40006 1695394689
40008 1695394690
40005 1695394691
40013 1695394692
40012 1695394693
40017 1695394694
40013 1695394695
40012 1695394696
40008 1695394697
40007 1695394698
40010 1695394699
40008 1695394700
40008 1695394701
40006 1695394702
40008 1695394703
40007 1695394704
40008 1695394705
40003 1695394706
40007 1695394707
40003 1695394708
40009 1695394709
40011 1695394710
40010 1695394711
40010 1695394712
40008 1695394713
40012 1695394714
40004 1695394715
40004 1695394716
40008 1695394717
40012 1695394718
40010 1695394719
40006 1695394720
40005 1695394721
40009 1695394722
40008 1695394723
40007 1695394724
40012 1695394725
40007 1695394726
40009 1695394727
40012 1695394728
40009 1695394729
14420 1695394730
40012 1695394730
40004 1695394731
40010 1695394732
40008 1695394733
40006 1695394734
40009 1695394735
40014 1695394736
40006 1695394737
40014 1695394738
40006 1695394739
40010 1695394740
40009 1695394741
40009 1695394742
40007 1695394743
40006 1695394744
40007 1695394745
40006 1695394746
40009 1695394747
40009 1695394748
40013 1695394749
40006 1695394750
40005 1695394751
40008 1695394752
40008 1695394753
40009 1695394754
40009 1695394755
40010 1695394756
40003 1695394757
40008 1695394758
40010 1695394759
40012 1695394760
40006 1695394761
40008 1695394762
40007 1695394763
40005 1695394764
40010 1695394765
40010 1695394766
40009 1695394767
40008 1695394768
40010 1695394769
40009 1695394770
40005 1695394771
40009 1695394772
40009 1695394773
40010 1695394774
40012 1695394775
40006 1695394776
40007 1695394777
40008 1695394778
40006 1695394779
40004 1695394780
40010 1695394781
40004 1695394782
40007 1695394783
40006 1695394784
40009 1695394785
40010 1695394786
40005 1695394787
40008 1695394788
40005 1695394789
40007 1695394790
40005 1695394791
40007 1695394792
40010 1695394793
40008 1695394794
40009 1695394795
40006 1695394796
40011 1695394797
40006 1695394798
40004 1695394799
40013 1695394800
40010 1695394801
40007 1695394802
40006 1695394803
40006 1695394804
40007 1695394805
40006 1695394806
40009 1695394807
40007 1695394808
40008 1695394809
40009 1695394810
40012 1695394811
40005 1695394812
40012 1695394813
40006 1695394814
40008 1695394815
40008 1695394816
40006 1695394817
40003 1695394818
40006 1695394819
40009 1695394820
40007 1695394821
40007 1695394822
40007 1695394823
40008 1695394824
40006 1695394825
40015 1695394826
40009 1695394827
40007 1695394828
40010 1695394829
140 1695394829
40011 1695394830
40009 1695394831
40011 1695394832
40005 1695394833
40014 1695394834
40012 1695394835
40006 1695394836
40007 1695394837
40005 1695394838
40011 1695394839
40009 1695394840
40009 1695394841
40006 1695394842
40008 1695394843
40010 1695394844
40014 1695394845
40010 1695394846
40010 1695394847
40013 1695394848
40007 1695394849
1120 1695394849
40017 1695394850
40007 1695394851
40002 1695394852
40006 1695394853
40006 1695394854
40005 1695394855
40005 1695394856
40009 1695394857
40009 1695394858
40010 1695394859
40010 1695394860
40014 1695394861
40015 1695394862
40005 1695394863
40013 1695394864
40009 1695394865
40005 1695394866
40003 1695394867
40014 1695394868
40013 1695394869
40012 1695394870
40009 1695394871
40006 1695394872
40008 1695394873
40012 1695394874
40008 1695394875
40012 1695394876
40007 1695394877
40010 1695394878
40006 1695394879
40003 1695394880
40011 1695394881
40007 1695394882
40008 1695394883
40006 1695394884
40011 1695394885
40005 1695394886
40005 1695394887
40011 1695394888
40008 1695394889
40012 1695394890
40003 1695394891
