40000 1695392674
40000 1695392675
40003 1695392676
40000 1695392677
40004 1695392678
40002 1695392679
40004 1695392680
40004 1695392681
40002 1695392682
40003 1695392683
40002 1695392684
40002 1695392685
40001 1695392686
40003 1695392687
40002 1695392688
40002 1695392689
40003 1695392690
40004 1695392691
40005 1695392692
40004 1695392693
40001 1695392694
5940 1695392695
40002 1695392695
40003 1695392696
40002 1695392697
40002 1695392698
40002 1695392699
40002 1695392700
40003 1695392701
40005 1695392702
40002 1695392703
40003 1695392704
40004 1695392705
40002 1695392706
40002 1695392707
40002 1695392708
40002 1695392709
40004 1695392710
40002 1695392711
40001 1695392712
40004 1695392713
40005 1695392714
40004 1695392715
40004 1695392716
40003 1695392717
40001 1695392718
40003 1695392719
40002 1695392720
40000 1695392721
40002 1695392722
40002 1695392723
40003 1695392724
40001 1695392725
40003 1695392726
40001 1695392727
40003 1695392728
40002 1695392729
40001 1695392730
40001 1695392731
360 1695392732
40003 1695392732
40001 1695392733
40003 1695392734
40005 1695392735
40001 1695392736
40006 1695392737
40010 1695392738
40001 1695392739
40005 1695392740
40002 1695392741
40003 1695392742
40001 1695392743
40001 1695392744
40003 1695392745
40002 1695392746
40003 1695392747
40005 1695392748
40002 1695392749
40003 1695392750
40004 1695392751
40005 1695392752
40001 1695392753
40001 1695392754
40002 1695392755
40003 1695392756
40002 1695392757
40005 1695392758
40001 1695392759
40002 1695392760
40001 1695392761
40004 1695392762
40002 1695392763
40000 1695392764
40004 1695392765
40004 1695392766
40000 1695392767
40000 1695392768
40001 1695392769
40002 1695392770
40002 1695392771
40004 1695392772
40001 1695392773
40000 1695392774
40004 1695392775
40001 1695392776
40004 1695392777
40003 1695392778
40001 1695392779
40005 1695392780
40003 1695392781
40004 1695392782
40005 1695392783
40003 1695392784
40003 1695392785
40003 1695392786
40005 1695392787
40005 1695392788
40006 1695392789
40001 1695392790
40002 1695392791
40005 1695392792
40003 1695392793
40005 1695392794
40004 1695392795
40002 1695392796
40004 1695392797
40004 1695392798
40002 1695392799
40003 1695392800
40000 1695392801
40004 1695392802
40002 1695392803
40002 1695392804
40004 1695392805
40001 1695392806
40001 1695392807
40005 1695392808
40002 1695392809
40000 1695392810
40000 1695392811
40002 1695392812
40003 1695392813
40002 1695392814
40001 1695392815
40002 1695392816
40002 1695392817
40002 1695392818
40004 1695392819
40002 1695392820
40003 1695392821
340 1695392822
40005 1695392822
40001 1695392823
40004 1695392824
40004 1695392825
40005 1695392826
40002 1695392827
40002 1695392828
40000 1695392829
40003 1695392830
40002 1695392831
40002 1695392832
40002 1695392833
40000 1695392834
40001 1695392835
40001 1695392837
40004 1695392838
40001 1695392839
40004 1695392840
40003 1695392841
40001 1695392842
40002 1695392843
40004 1695392844
40001 1695392845
40000 1695392846
40003 1695392847
40003 1695392848
40001 1695392849
40001 1695392850
40000 1695392851
40004 1695392852
40001 1695392853
40000 1695392854
40008 1695392855
40001 1695392856
40003 1695392857
40002 1695392858
40002 1695392859
40004 1695392860
40000 1695392861
40002 1695392862
40002 1695392863
40005 1695392864
40003 1695392865
40002 1695392866
40003 1695392867
40001 1695392868
40002 1695392869
40002 1695392870
40002 1695392871
40003 1695392872
40001 1695392873
40002 1695392874
40002 1695392875
40002 1695392876
40005 1695392877
40002 1695392878
40003 1695392879
40004 1695392880
40001 1695392881
40001 1695392882
40002 1695392883
40001 1695392884
40005 1695392885
40000 1695392886
40005 1695392887
40002 1695392888
40003 1695392889
40002 1695392890
40000 1695392891
40001 1695392892
40001 1695392893
40003 1695392894
40006 1695392895
40001 1695392896
40003 1695392897
40005 1695392898
40004 1695392899
40002 1695392900
40005 1695392901
40003 1695392902
40002 1695392903
40001 1695392904
40006 1695392905
40002 1695392906
40002 1695392907
40004 1695392908
40005 1695392909
40003 1695392910
40007 1695392911
40002 1695392912
40003 1695392913
40002 1695392914
40001 1695392915
40004 1695392916
40001 1695392917
40000 1695392918
40003 1695392919
40001 1695392920
40001 1695392921
40002 1695392922
40006 1695392923
40003 1695392924
40004 1695392925
40002 1695392926
40003 1695392927
40004 1695392928
40001 1695392929
40000 1695392930
40002 1695392931
40002 1695392932
40005 1695392933
40003 1695392934
40003 1695392935
40004 1695392936
40007 1695392937
40005 1695392938
40003 1695392939
40005 1695392940
40001 1695392941
40001 1695392942
40003 1695392943
40003 1695392944
40004 1695392945
40004 1695392946
40001 1695392947
40003 1695392948
40001 1695392949
40003 1695392950
40000 1695392951
40001 1695392952
40004 1695392953
40000 1695392954
40000 1695392955
40004 1695392956
40002 1695392957
40003 1695392958
40002 1695392959
40005 1695392960
40001 1695392961
40001 1695392962
40002 1695392963
40002 1695392964
40006 1695392965
40002 1695392966
40003 1695392967
40002 1695392968
40005 1695392969
40001 1695392970
40001 1695392971
40003 1695392972
40004 1695392973
40002 1695392974
40000 1695392975
40000 1695392976
