40000 1695394933
40000 1695394934
3380 1695394934
40027 1695394935
40012 1695394936
40008 1695394937
40009 1695394938
40011 1695394939
40008 1695394940
40018 1695394941
40009 1695394942
40010 1695394943
40004 1695394944
40008 1695394945
40014 1695394946
40019 1695394947
40017 1695394948
40014 1695394949
40014 1695394950
40012 1695394951
40008 1695394952
40018 1695394953
40015 1695394954
40012 1695394955
40010 1695394956
40024 1695394957
40011 1695394958
40012 1695394959
40013 1695394960
40016 1695394961
40014 1695394962
40016 1695394963
40019 1695394964
40008 1695394965
40008 1695394966
40014 1695394967
40013 1695394968
40015 1695394969
40011 1695394970
40019 1695394971
40017 1695394972
40013 1695394973
40013 1695394974
40011 1695394975
40018 1695394976
40008 1695394977
40014 1695394978
40018 1695394979
40011 1695394980
40006 1695394981
40010 1695394982
40019 1695394983
40011 1695394984
40008 1695394985
40007 1695394986
40011 1695394987
40011 1695394988
40010 1695394989
40006 1695394990
40015 1695394991
380 1695394991
40016 1695394992
40010 1695394993
40017 1695394994
40007 1695394995
40009 1695394996
40007 1695394997
40018 1695394998
40007 1695394999
40015 1695395000
40014 1695395001
40014 1695395002
40010 1695395003
40014 1695395004
40013 1695395005
40012 1695395006
40020 1695395007
40011 1695395008
40010 1695395009
40011 1695395010
40018 1695395011
40016 1695395012
40010 1695395013
40009 1695395014
40016 1695395015
40008 1695395016
40009 1695395017
40011 1695395018
40007 1695395019
40011 1695395020
40012 1695395021
40013 1695395022
40009 1695395023
40019 1695395024
40011 1695395025
40013 1695395026
40019 1695395027
40014 1695395028
40014 1695395029
40016 1695395030
40010 1695395031
40008 1695395032
40007 1695395033
40012 1695395034
40011 1695395035
40013 1695395036
40015 1695395037
40017 1695395038
40016 1695395039
40015 1695395040
40014 1695395041
40016 1695395042
40018 1695395043
40015 1695395044
40016 1695395045
40012 1695395046
40009 1695395047
40020 1695395048
40012 1695395049
40014 1695395050
40014 1695395051
40022 1695395052
40016 1695395053
40014 1695395054
40010 1695395055
40017 1695395056
40015 1695395057
40017 1695395058
40011 1695395059
40013 1695395060
40013 1695395061
40013 1695395062
40011 1695395063
40012 1695395064
40009 1695395065
40016 1695395066
40012 1695395067
40012 1695395068
40010 1695395069
40019 1695395070
40015 1695395071
40020 1695395072
40008 1695395073
40016 1695395074
40008 1695395075
40018 1695395076
40013 1695395077
40015 1695395078
40010 1695395079
40018 1695395080
40014 1695395081
40013 1695395082
40017 1695395083
4000 1695395084
40025 1695395084
40016 1695395085
40014 1695395086
40010 1695395087
40010 1695395088
40012 1695395089
40014 1695395090
40019 1695395091
40019 1695395092
40008 1695395093
40011 1695395094
40007 1695395095
40010 1695395096
40009 1695395097
40018 1695395098
40010 1695395099
40015 1695395100
40011 1695395101
40014 1695395102
40016 1695395103
40014 1695395104
40015 1695395105
40014 1695395106
40016 1695395107
40008 1695395108
40012 1695395109
40013 1695395110
40017 1695395111
40011 1695395112
40011 1695395113
40019 1695395114
40011 1695395115
40014 1695395116
40011 1695395117
40011 1695395118
40013 1695395119
40012 1695395120
40016 1695395121
40018 1695395122
40007 1695395123
40012 1695395124
40012 1695395125
40011 1695395126
40015 1695395127
40013 1695395128
40011 1695395129
40018 1695395130
40005 1695395131
40011 1695395132
40016 1695395133
40016 1695395134
40019 1695395135
40009 1695395136
40014 1695395137
40011 1695395138
1620 1695395138
40017 1695395139
40015 1695395140
40013 1695395141
40009 1695395142
40014 1695395143
40014 1695395144
40010 1695395145
40008 1695395146
40015 1695395147
40016 1695395148
40018 1695395149
40017 1695395150
40010 1695395151
40013 1695395152
40019 1695395153
40009 1695395154
40017 1695395155
40013 1695395156
40007 1695395157
10600 1695395157
40013 1695395158
40015 1695395159
40015 1695395160
40012 1695395161
40013 1695395162
40012 1695395163
40015 1695395164
40014 1695395165
40015 1695395166
40013 1695395167
40017 1695395168
40015 1695395169
40011 1695395170
40012 1695395171
40014 1695395172
40012 1695395173
40012 1695395174
40014 1695395175
40012 1695395176
40008 1695395177
40023 1695395178
40011 1695395179
40011 1695395180
40015 1695395181
40012 1695395182
40017 1695395183
40019 1695395184
40017 1695395185
40011 1695395186
40016 1695395187
40009 1695395188
40009 1695395189
40011 1695395190
40018 1695395191
40013 1695395192
40011 1695395193
40011 1695395194
40012 1695395195
40015 1695395196
40010 1695395197
40018 1695395198
580 1695395199
40011 1695395199
40008 1695395200
40016 1695395201
40020 1695395202
40014 1695395203
40012 1695395204
40014 1695395205
40015 1695395206
40011 1695395207
40014 1695395208
40011 1695395209
40011 1695395210
40012 1695395211
40012 1695395212
40012 1695395213
40011 1695395214
40017 1695395215
40013 1695395216
40011 1695395217
40015 1695395218
40017 1695395219
40010 1695395220
40008 1695395221
40008 1695395222
40014 1695395223
40012 1695395224
40014 1695395225
40011 1695395226
40010 1695395227
40011 1695395228
40013 1695395229
40018 1695395230
40018 1695395231
40012 1695395232
120 1695395232
40006 1695395233
