40000 1695392290
40000 1695392291
40008 1695392292
40004 1695392293
40003 1695392294
40008 1695392295
40001 1695392296
40002 1695392297
40002 1695392298
40002 1695392299
40001 1695392300
40005 1695392301
40003 1695392302
40003 1695392303
40001 1695392304
40002 1695392305
40002 1695392306
40003 1695392307
40005 1695392308
40003 1695392309
40003 1695392310
40005 1695392311
40002 1695392312
40004 1695392313
40003 1695392314
40002 1695392315
40002 1695392316
40002 1695392317
40005 1695392318
40002 1695392319
40003 1695392320
40001 1695392321
40000 1695392322
40002 1695392323
40001 1695392324
40002 1695392325
40003 1695392326
40000 1695392327
40003 1695392328
40002 1695392329
40001 1695392330
40002 1695392331
40003 1695392332
40002 1695392333
40003 1695392334
40002 1695392335
40000 1695392336
40002 1695392337
40001 1695392338
40004 1695392339
40006 1695392340
40003 1695392341
40000 1695392342
40004 1695392343
40004 1695392344
40001 1695392345
40002 1695392346
40004 1695392347
40006 1695392348
40002 1695392349
40002 1695392350
40004 1695392351
40004 1695392352
40002 1695392353
40000 1695392354
40001 1695392355
40006 1695392356
40004 1695392357
40004 1695392358
40000 1695392359
40005 1695392360
40006 1695392361
40002 1695392362
40003 1695392363
40003 1695392364
40001 1695392365
40003 1695392366
40002 1695392367
40002 1695392368
40004 1695392369
40001 1695392370
40001 1695392371
40001 1695392372
40001 1695392373
40002 1695392374
40003 1695392375
40004 1695392376
40004 1695392377
40000 1695392378
40003 1695392379
40001 1695392380
40001 1695392381
4640 1695392382
40002 1695392382
40003 1695392383
40003 1695392384
40002 1695392385
40003 1695392386
40003 1695392387
40003 1695392388
40002 1695392389
40003 1695392390
40001 1695392391
40001 1695392392
40006 1695392393
40002 1695392394
40003 1695392395
40002 1695392396
40003 1695392397
40005 1695392398
40004 1695392399
40003 1695392400
40002 1695392401
200 1695392401
40004 1695392402
40007 1695392403
40004 1695392404
40004 1695392405
40001 1695392406
40006 1695392407
40005 1695392408
40003 1695392409
40003 1695392410
40003 1695392411
40003 1695392412
40005 1695392413
40002 1695392414
40002 1695392415
40003 1695392416
40003 1695392417
40004 1695392418
40002 1695392419
40004 1695392420
40001 1695392421
40004 1695392422
40005 1695392423
40002 1695392424
40002 1695392425
40004 1695392426
40004 1695392427
40003 1695392428
40003 1695392429
40004 1695392430
40003 1695392431
40002 1695392432
40000 1695392433
180 1695392434
40002 1695392434
40001 1695392435
40003 1695392436
40004 1695392437
40004 1695392438
40001 1695392439
40003 1695392440
40000 1695392441
40002 1695392442
40002 1695392443
40004 1695392444
40002 1695392445
40003 1695392446
40004 1695392447
40006 1695392448
40001 1695392449
40003 1695392450
40003 1695392451
40000 1695392452
40003 1695392453
40001 1695392454
40003 1695392455
40004 1695392456
40004 1695392457
40002 1695392458
40005 1695392459
40007 1695392460
40001 1695392461
40005 1695392462
40002 1695392463
40006 1695392464
40003 1695392465
40000 1695392466
40001 1695392467
40001 1695392468
40002 1695392469
40003 1695392470
40001 1695392471
40003 1695392472
40003 1695392473
40004 1695392474
40002 1695392475
40003 1695392476
40001 1695392477
40006 1695392478
40001 1695392479
40001 1695392480
40005 1695392481
40002 1695392482
40004 1695392483
40003 1695392484
40005 1695392485
40003 1695392486
40002 1695392487
40006 1695392488
40001 1695392489
40002 1695392490
40003 1695392491
40002 1695392492
40001 1695392493
40004 1695392494
40003 1695392495
40003 1695392496
40005 1695392497
40004 1695392498
40001 1695392499
40005 1695392500
40001 1695392501
40004 1695392502
40000 1695392503
40003 1695392504
40000 1695392505
40002 1695392506
40000 1695392507
40001 1695392508
40005 1695392509
40001 1695392510
40003 1695392511
40001 1695392512
40005 1695392513
40005 1695392514
40005 1695392515
40007 1695392516
40001 1695392517
40004 1695392518
40001 1695392519
40004 1695392520
40003 1695392521
40000 1695392522
40003 1695392523
40003 1695392524
40004 1695392525
40000 1695392526
40003 1695392527
40000 1695392528
40003 1695392529
40001 1695392530
40002 1695392531
40004 1695392532
40005 1695392533
40005 1695392534
40002 1695392535
40004 1695392536
40002 1695392537
40002 1695392538
40005 1695392539
40003 1695392540
40005 1695392541
40003 1695392542
40002 1695392543
40002 1695392544
40000 1695392545
40003 1695392546
40002 1695392547
40001 1695392548
40007 1695392549
40002 1695392550
40001 1695392551
40002 1695392552
40003 1695392553
40003 1695392554
40002 1695392555
40003 1695392556
40005 1695392557
40001 1695392558
40002 1695392559
40006 1695392560
40002 1695392561
40002 1695392562
40003 1695392563
40008 1695392564
40000 1695392565
40004 1695392566
40008 1695392567
40001 1695392568
40005 1695392569
40004 1695392570
40000 1695392571
40005 1695392572
40000 1695392573
40003 1695392574
40006 1695392575
40002 1695392576
40003 1695392577
40003 1695392578
40005 1695392579
40001 1695392580
40002 1695392581
40001 1695392582
40003 1695392583
40001 1695392584
40003 1695392585
40003 1695392586
40002 1695392587
40001 1695392588
40005 1695392589
40000 1695392590
40000 1695392591
