40000 1695393908
40000 1695393909
40009 1695393910
40002 1695393911
40006 1695393912
40001 1695393913
40004 1695393914
40008 1695393915
40004 1695393916
40003 1695393917
40000 1695393918
40006 1695393919
40002 1695393920
40006 1695393921
40003 1695393922
40003 1695393923
40006 1695393924
40000 1695393925
40005 1695393926
40003 1695393927
40005 1695393928
40004 1695393929
40001 1695393930
40002 1695393931
40006 1695393932
40005 1695393933
40003 1695393934
40005 1695393935
40003 1695393936
40004 1695393937
40005 1695393938
40002 1695393939
40003 1695393940
40005 1695393941
40008 1695393942
40001 1695393943
40005 1695393944
40006 1695393945
40007 1695393946
40001 1695393947
40003 1695393948
40003 1695393949
40000 1695393950
40001 1695393951
40003 1695393952
40002 1695393953
40002 1695393954
40003 1695393955
40002 1695393956
40006 1695393957
40005 1695393958
40004 1695393959
40003 1695393960
40002 1695393961
40005 1695393962
40003 1695393963
40004 1695393964
40005 1695393965
40003 1695393966
40000 1695393967
40004 1695393968
40002 1695393969
40001 1695393970
40006 1695393971
40007 1695393972
40002 1695393973
40004 1695393974
40002 1695393975
40005 1695393976
40003 1695393977
40002 1695393978
40005 1695393979
40007 1695393980
40007 1695393981
40006 1695393982
40004 1695393983
40002 1695393984
40003 1695393985
40005 1695393986
260 1695393987
40002 1695393987
40003 1695393988
40002 1695393989
3880 1695393990
40004 1695393990
40004 1695393991
40005 1695393992
40002 1695393993
40002 1695393994
40004 1695393995
40007 1695393996
40010 1695393997
40002 1695393998
40003 1695393999
40001 1695394000
40007 1695394001
40005 1695394002
40004 1695394003
40007 1695394004
40002 1695394005
40003 1695394006
40005 1695394007
40007 1695394008
40007 1695394009
40003 1695394010
40005 1695394011
40004 1695394012
40005 1695394013
40005 1695394014
40005 1695394015
40002 1695394016
40008 1695394017
40006 1695394018
40000 1695394019
40004 1695394020
40002 1695394021
40002 1695394022
40005 1695394023
40005 1695394024
40006 1695394025
40006 1695394026
40007 1695394027
40009 1695394028
40006 1695394029
40002 1695394030
40003 1695394031
40006 1695394032
40005 1695394033
40003 1695394034
40002 1695394035
40002 1695394036
40003 1695394037
40002 1695394038
40005 1695394039
40003 1695394041
40005 1695394042
40005 1695394043
40002 1695394044
40005 1695394045
40004 1695394046
40006 1695394047
40007 1695394048
40003 1695394049
40005 1695394050
40002 1695394051
40004 1695394052
40004 1695394053
400 1695394053
40001 1695394054
40005 1695394055
40002 1695394056
40002 1695394057
40001 1695394058
40002 1695394059
40003 1695394060
40005 1695394061
40004 1695394062
40002 1695394063
40007 1695394064
40002 1695394065
40002 1695394066
40006 1695394067
40003 1695394068
40007 1695394069
40001 1695394070
40004 1695394071
40002 1695394072
40006 1695394073
1200 1695394073
40003 1695394074
40001 1695394075
40006 1695394076
40000 1695394077
40003 1695394078
40003 1695394079
40002 1695394080
40003 1695394081
40003 1695394082
40005 1695394083
40007 1695394084
40005 1695394085
40004 1695394086
40007 1695394087
40002 1695394088
40006 1695394089
40004 1695394090
40008 1695394091
40002 1695394092
40005 1695394093
40005 1695394094
40002 1695394095
40003 1695394096
40005 1695394097
40003 1695394098
40004 1695394099
40005 1695394100
40008 1695394101
40002 1695394102
40002 1695394103
40003 1695394104
40006 1695394105
40004 1695394106
40003 1695394107
40009 1695394108
40003 1695394109
40008 1695394110
40002 1695394111
40004 1695394112
40006 1695394113
40008 1695394114
40003 1695394115
40006 1695394116
40003 1695394117
40000 1695394118
40002 1695394119
40006 1695394120
40003 1695394121
40004 1695394122
40002 1695394123
40001 1695394124
40005 1695394125
40002 1695394126
40002 1695394127
40001 1695394128
40006 1695394129
40003 1695394130
40002 1695394131
40005 1695394132
40003 1695394133
40002 1695394134
40005 1695394135
40004 1695394136
40003 1695394137
40006 1695394138
40002 1695394139
40003 1695394140
40003 1695394141
40004 1695394142
40003 1695394143
40002 1695394144
40001 1695394145
40000 1695394146
40005 1695394147
40002 1695394148
40006 1695394149
40003 1695394150
40004 1695394151
40004 1695394152
40006 1695394153
40003 1695394154
40006 1695394155
40002 1695394156
2580 1695394156
40002 1695394157
40002 1695394158
40006 1695394159
40005 1695394160
40005 1695394161
40004 1695394162
40007 1695394163
40002 1695394164
40004 1695394165
40003 1695394166
40007 1695394167
40001 1695394168
40004 1695394169
40003 1695394170
40005 1695394171
40001 1695394172
40005 1695394173
40005 1695394174
40004 1695394175
40005 1695394176
40010 1695394177
40006 1695394178
40004 1695394179
40000 1695394180
40003 1695394181
40004 1695394182
40003 1695394183
40002 1695394184
40002 1695394185
40005 1695394186
40002 1695394187
40007 1695394188
40005 1695394189
40003 1695394190
40002 1695394191
40007 1695394192
40000 1695394193
40003 1695394194
40006 1695394195
40005 1695394196
40002 1695394197
40007 1695394198
40004 1695394199
40007 1695394200
40003 1695394201
40002 1695394202
40005 1695394203
40004 1695394204
40009 1695394205
40004 1695394206
40004 1695394207
40005 1695394208
40000 1695394209
