40000 1695394249
40000 1695394250
40011 1695394251
40004 1695394252
40003 1695394253
40008 1695394254
40004 1695394255
40007 1695394256
40004 1695394257
40008 1695394258
40007 1695394259
40006 1695394260
40007 1695394261
40006 1695394262
40007 1695394263
40004 1695394264
40006 1695394265
40006 1695394266
40003 1695394267
40010 1695394268
40002 1695394269
40005 1695394270
40009 1695394271
40003 1695394272
40002 1695394273
40007 1695394274
40006 1695394275
40004 1695394276
40002 1695394277
40007 1695394278
40009 1695394279
40005 1695394280
40004 1695394281
40004 1695394282
40010 1695394283
40006 1695394284
40003 1695394285
40006 1695394286
40004 1695394287
40008 1695394288
40003 1695394289
40008 1695394290
1000 1695394291
40009 1695394291
40002 1695394292
40007 1695394293
40003 1695394294
40007 1695394295
40001 1695394296
40005 1695394297
40004 1695394298
40002 1695394299
40003 1695394300
40007 1695394301
40004 1695394302
40004 1695394303
40007 1695394304
40005 1695394305
40003 1695394306
40009 1695394307
40005 1695394308
40006 1695394309
40005 1695394310
40006 1695394311
40004 1695394312
40003 1695394313
40002 1695394314
40003 1695394315
40004 1695394316
40004 1695394317
40006 1695394318
40003 1695394319
40005 1695394320
40006 1695394321
40005 1695394322
40008 1695394323
40005 1695394324
40006 1695394325
40003 1695394326
40006 1695394327
5600 1695394327
40004 1695394328
40010 1695394329
40004 1695394330
40003 1695394331
40005 1695394332
40004 1695394333
40011 1695394334
40002 1695394335
40006 1695394336
40001 1695394337
40006 1695394338
40003 1695394339
40006 1695394340
40001 1695394341
40009 1695394342
40004 1695394343
40004 1695394344
40004 1695394345
40006 1695394346
40003 1695394347
40001 1695394348
2800 1695394348
40006 1695394349
40005 1695394350
40004 1695394351
40005 1695394352
40003 1695394353
40004 1695394354
40007 1695394355
40003 1695394356
40002 1695394357
40007 1695394358
40001 1695394359
40004 1695394360
40009 1695394361
40006 1695394362
40005 1695394363
40008 1695394364
40010 1695394365
40005 1695394366
40006 1695394367
40007 1695394368
40005 1695394369
40006 1695394370
40004 1695394371
40003 1695394372
40007 1695394373
40008 1695394374
40006 1695394375
40011 1695394376
40005 1695394377
40009 1695394378
40003 1695394379
40004 1695394380
40009 1695394381
40006 1695394382
40009 1695394383
40003 1695394384
40004 1695394385
40011 1695394386
40005 1695394387
40008 1695394388
40008 1695394389
40001 1695394390
40007 1695394391
40005 1695394392
40002 1695394393
40006 1695394394
40004 1695394395
40005 1695394396
40010 1695394397
40005 1695394398
40008 1695394399
40004 1695394400
40008 1695394401
40008 1695394402
40005 1695394403
40005 1695394404
40003 1695394405
40003 1695394406
40005 1695394407
40006 1695394408
40006 1695394409
40007 1695394410
40006 1695394411
40002 1695394412
40004 1695394413
40005 1695394414
40003 1695394415
40001 1695394416
40001 1695394417
40007 1695394418
40004 1695394419
40004 1695394420
40004 1695394421
40008 1695394422
40002 1695394423
40003 1695394424
40003 1695394425
40006 1695394426
40005 1695394427
40006 1695394428
40002 1695394429
40006 1695394430
40002 1695394431
40003 1695394432
40002 1695394433
40004 1695394434
40005 1695394435
40005 1695394436
40008 1695394437
40003 1695394438
40008 1695394439
40009 1695394440
40005 1695394441
40005 1695394442
40001 1695394443
180 1695394444
40005 1695394444
40003 1695394445
40003 1695394446
40005 1695394447
40004 1695394448
40004 1695394449
40002 1695394450
40001 1695394451
40002 1695394452
40002 1695394453
40002 1695394454
40002 1695394455
40002 1695394456
40005 1695394457
40009 1695394458
40002 1695394459
40004 1695394460
5960 1695394460
40004 1695394461
40007 1695394462
40003 1695394463
40006 1695394464
40001 1695394465
40002 1695394466
40004 1695394467
40005 1695394468
40010 1695394469
40004 1695394470
40006 1695394471
40006 1695394472
40002 1695394473
40007 1695394474
40003 1695394475
40002 1695394476
40005 1695394477
40004 1695394478
40003 1695394479
40002 1695394480
40003 1695394481
40005 1695394482
40007 1695394483
40003 1695394484
40004 1695394485
40006 1695394486
40000 1695394487
40004 1695394488
40003 1695394489
40003 1695394490
40006 1695394491
40005 1695394492
40010 1695394493
40005 1695394494
40004 1695394495
40003 1695394496
40008 1695394497
40002 1695394498
40010 1695394499
40006 1695394500
40003 1695394501
40006 1695394502
40005 1695394503
40008 1695394504
40003 1695394505
40008 1695394506
40005 1695394507
40006 1695394508
40013 1695394509
40014 1695394510
40002 1695394511
40008 1695394512
40008 1695394513
40004 1695394514
40006 1695394515
40004 1695394516
40004 1695394517
40005 1695394518
40003 1695394519
40003 1695394520
40006 1695394521
40001 1695394522
40007 1695394523
40008 1695394524
40003 1695394525
40010 1695394526
40003 1695394527
40005 1695394528
40006 1695394529
40007 1695394530
40010 1695394531
40004 1695394532
40006 1695394533
40002 1695394534
40001 1695394535
40008 1695394536
40005 1695394537
40002 1695394538
40002 1695394539
40004 1695394540
40003 1695394541
40007 1695394542
40007 1695394543
40004 1695394544
40006 1695394545
40004 1695394546
40005 1695394547
40006 1695394548
40007 1695394549
