40000 1698757389
40000 1698757390
40010 1698757391
40002 1698757392
40001 1698757393
40009 1698757394
40005 1698757395
40003 1698757396
40004 1698757397
40002 1698757398
40002 1698757399
40004 1698757400
40002 1698757401
40008 1698757402
40004 1698757403
40006 1698757404
40006 1698757405
40005 1698757406
40002 1698757407
40001 1698757408
40004 1698757409
40005 1698757410
40007 1698757411
40006 1698757412
40003 1698757413
40003 1698757414
40007 1698757415
40004 1698757416
40005 1698757417
40006 1698757418
40001 1698757419
40003 1698757420
40007 1698757421
340 1698757422
40005 1698757422
40005 1698757423
40002 1698757424
40002 1698757425
40005 1698757426
40005 1698757427
40004 1698757428
40008 1698757429
40005 1698757430
40008 1698757431
40006 1698757432
40008 1698757433
40000 1698757434
40003 1698757435
40006 1698757436
40007 1698757437
40003 1698757438
40005 1698757439
40003 1698757440
40003 1698757441
40004 1698757442
40007 1698757443
40006 1698757444
40005 1698757445
40002 1698757446
40003 1698757447
40004 1698757448
40007 1698757449
40001 1698757450
40004 1698757451
40003 1698757452
40004 1698757453
40002 1698757454
40006 1698757455
40008 1698757456
40006 1698757457
40003 1698757458
40003 1698757459
40002 1698757460
40007 1698757461
40008 1698757462
40004 1698757463
40005 1698757464
40003 1698757465
40003 1698757466
40007 1698757467
40003 1698757468
40001 1698757469
40001 1698757470
40005 1698757471
40006 1698757472
40004 1698757473
40005 1698757474
40003 1698757475
40005 1698757476
40002 1698757477
40006 1698757478
40003 1698757479
40004 1698757480
40006 1698757481
40002 1698757482
40004 1698757483
40000 1698757484
40003 1698757485
40004 1698757486
40006 1698757487
40004 1698757488
40005 1698757489
40003 1698757490
40002 1698757491
40004 1698757492
40003 1698757493
40004 1698757494
40002 1698757495
40005 1698757496
40002 1698757497
40010 1698757498
40004 1698757499
40001 1698757500
40011 1698757501
40004 1698757502
40003 1698757503
40005 1698757504
40002 1698757505
40002 1698757506
40009 1698757507
40004 1698757508
40006 1698757509
40005 1698757510
40003 1698757511
40004 1698757512
40006 1698757513
40000 1698757514
40002 1698757515
40007 1698757516
40001 1698757517
40004 1698757518
40003 1698757519
40001 1698757520
40006 1698757521
40002 1698757522
40005 1698757523
40004 1698757524
40003 1698757525
40003 1698757526
40005 1698757527
40004 1698757528
40004 1698757529
40003 1698757530
40004 1698757531
40006 1698757532
40009 1698757533
40005 1698757534
40003 1698757535
40005 1698757536
40006 1698757537
40006 1698757538
40000 1698757539
40007 1698757540
40005 1698757541
40003 1698757542
40008 1698757543
40005 1698757544
40002 1698757545
40003 1698757546
40006 1698757547
40003 1698757548
40007 1698757549
40003 1698757550
40003 1698757551
40007 1698757552
40002 1698757553
40002 1698757554
40004 1698757555
40003 1698757556
40005 1698757557
40002 1698757558
540 1698757559
40010 1698757559
40000 1698757560
40010 1698757561
40006 1698757562
40006 1698757563
40002 1698757564
40005 1698757565
40004 1698757566
40002 1698757567
40004 1698757568
40007 1698757569
40005 1698757570
40003 1698757571
40005 1698757572
40006 1698757573
40003 1698757574
40006 1698757575
40004 1698757576
40004 1698757577
40006 1698757578
40002 1698757579
40005 1698757580
40008 1698757581
40004 1698757582
40008 1698757583
40004 1698757584
40008 1698757585
40004 1698757586
40005 1698757587
40006 1698757588
40005 1698757589
40001 1698757590
40000 1698757591
40004 1698757592
40003 1698757593
40003 1698757594
1280 1698757595
40007 1698757595
40006 1698757596
40002 1698757597
40004 1698757598
40006 1698757599
40005 1698757600
1540 1698757601
40006 1698757601
40003 1698757602
40006 1698757603
40006 1698757604
1180 1698757605
40002 1698757605
40005 1698757606
40004 1698757607
40006 1698757608
40003 1698757609
40004 1698757610
40003 1698757611
40001 1698757612
40005 1698757613
40004 1698757614
40004 1698757615
40007 1698757616
40008 1698757617
40004 1698757618
40002 1698757619
40002 1698757620
40004 1698757621
40006 1698757622
40002 1698757623
40005 1698757624
40003 1698757626
40005 1698757627
40005 1698757628
40002 1698757629
40003 1698757630
40004 1698757631
40007 1698757632
40009 1698757633
40005 1698757634
40002 1698757635
40004 1698757636
40005 1698757637
40003 1698757638
40004 1698757639
40004 1698757640
40005 1698757641
40004 1698757642
40004 1698757643
40005 1698757644
40003 1698757645
40003 1698757646
40004 1698757647
40004 1698757648
40004 1698757649
40002 1698757650
40001 1698757651
40001 1698757652
40008 1698757653
40006 1698757654
40006 1698757655
40004 1698757656
40004 1698757657
1960 1698757657
40006 1698757658
40007 1698757659
40005 1698757660
40005 1698757661
40004 1698757662
40004 1698757663
40006 1698757664
40007 1698757665
40004 1698757666
40001 1698757667
7060 1698757667
40006 1698757668
40007 1698757669
40004 1698757670
40006 1698757671
40002 1698757672
40003 1698757673
40002 1698757674
40008 1698757675
40002 1698757676
40006 1698757677
40005 1698757678
40005 1698757679
40003 1698757680
40002 1698757681
40004 1698757682
40005 1698757683
40004 1698757684
40009 1698757685
40010 1698757686
40001 1698757687
40002 1698757688
40005 1698757689
40003 1698757690
40005 1698757691
40002 1698757692
40003 1698757693
40004 1698757694
40004 1698757695
40001 1698757696
40006 1698757697
40004 1698757698
40003 1698757699
40006 1698757700
40000 1698757701
40002 1698757702
40004 1698757703
40003 1698757704
40005 1698757705
40004 1698757706
40003 1698757707
40002 1698757708
40003 1698757709
40002 1698757710
40005 1698757711
40003 1698757712
40003 1698757713
40004 1698757714
40003 1698757715
40006 1698757716
40004 1698757717
2940 1698757717
40003 1698757718
40007 1698757719
40004 1698757720
40006 1698757721
40004 1698757722
40002 1698757723
40005 1698757724
40011 1698757725
40007 1698757726
40005 1698757727
40005 1698757728
40002 1698757729
40007 1698757730
40006 1698757731
2660 1698757731
40006 1698757732
40006 1698757733
40006 1698757734
40008 1698757735
40001 1698757736
40003 1698757737
40005 1698757738
40003 1698757739
40006 1698757740
40003 1698757741
40002 1698757742
40006 1698757743
40002 1698757744
40002 1698757745
40006 1698757746
40006 1698757747
40006 1698757748
40008 1698757749
40003 1698757750
40003 1698757751
40005 1698757752
40002 1698757753
40002 1698757754
40002 1698757755
40005 1698757756
40004 1698757757
40005 1698757758
40004 1698757759
40003 1698757760
40006 1698757761
40004 1698757762
40004 1698757763
40007 1698757764
40004 1698757765
40004 1698757766
40005 1698757767
40004 1698757768
40001 1698757769
40004 1698757770
40004 1698757771
40003 1698757772
40004 1698757773
40001 1698757774
40009 1698757775
40004 1698757776
40003 1698757777
40006 1698757778
40006 1698757779
40004 1698757780
40001 1698757781
40007 1698757782
40009 1698757783
40001 1698757784
40002 1698757785
40004 1698757786
40002 1698757787
40007 1698757788
40004 1698757789
40005 1698757790
40002 1698757791
40002 1698757792
40004 1698757793
40005 1698757794
40002 1698757795
40002 1698757796
40008 1698757797
40002 1698757798
40004 1698757799
40006 1698757800
40002 1698757801
40004 1698757802
40005 1698757803
40004 1698757804
40002 1698757805
40001 1698757806
40003 1698757807
40001 1698757808
40003 1698757809
40006 1698757810
40003 1698757811
40009 1698757812
40003 1698757813
40004 1698757814
40002 1698757815
40005 1698757816
40006 1698757817
40006 1698757818
40002 1698757819
40005 1698757820
40001 1698757821
40005 1698757822
40004 1698757823
40001 1698757824
40002 1698757825
40005 1698757826
40006 1698757827
40003 1698757828
40005 1698757829
40004 1698757830
40007 1698757831
40004 1698757832
40005 1698757833
40008 1698757834
40003 1698757835
40004 1698757836
40003 1698757837
40005 1698757838
40006 1698757839
40006 1698757840
40002 1698757841
40004 1698757842
40007 1698757843
40004 1698757844
40005 1698757845
40005 1698757846
40002 1698757847
40005 1698757848
40004 1698757849
40008 1698757850
40006 1698757851
40000 1698757852
40003 1698757853
40002 1698757854
40003 1698757855
40004 1698757856
40007 1698757857
40002 1698757858
40005 1698757859
40004 1698757860
40004 1698757861
40006 1698757862
40007 1698757863
40002 1698757864
40003 1698757865
40003 1698757866
40004 1698757867
40001 1698757868
40001 1698757869
40003 1698757870
40005 1698757871
40003 1698757872
40007 1698757873
40005 1698757874
40008 1698757875
40003 1698757876
40006 1698757877
40005 1698757878
40007 1698757879
40004 1698757880
40007 1698757881
40005 1698757882
40001 1698757883
40002 1698757884
40006 1698757885
40006 1698757886
40007 1698757887
40005 1698757888
40008 1698757889
40003 1698757890
40003 1698757891
40003 1698757892
40003 1698757893
40005 1698757894
40004 1698757895
40003 1698757896
40002 1698757897
40001 1698757898
40003 1698757899
40003 1698757900
40002 1698757901
40004 1698757902
40007 1698757903
40005 1698757904
40001 1698757905
40002 1698757906
40007 1698757907
540 1698757907
40003 1698757908
40001 1698757909
40006 1698757910
40002 1698757911
40004 1698757912
40007 1698757913
40001 1698757914
40006 1698757915
40012 1698757916
40008 1698757917
40005 1698757918
40006 1698757919
40001 1698757920
40006 1698757921
40003 1698757922
40008 1698757923
40001 1698757924
3600 1698757924
40008 1698757925
40005 1698757926
40005 1698757927
40006 1698757928
40002 1698757929
40005 1698757930
40004 1698757931
40003 1698757932
40005 1698757933
40005 1698757934
40007 1698757935
40004 1698757936
40009 1698757937
40004 1698757938
40006 1698757939
40003 1698757940
40005 1698757941
40005 1698757942
40002 1698757943
40007 1698757944
40004 1698757945
40006 1698757946
40002 1698757947
40002 1698757948
40004 1698757949
40005 1698757950
40003 1698757951
40008 1698757952
40006 1698757953
40003 1698757954
40001 1698757955
40006 1698757956
40005 1698757957
40002 1698757958
40004 1698757959
40003 1698757960
40006 1698757961
40003 1698757962
40001 1698757963
40000 1698757964
40002 1698757965
40003 1698757966
40005 1698757967
40003 1698757968
40005 1698757969
40001 1698757970
40001 1698757971
40003 1698757972
40004 1698757973
40005 1698757974
40003 1698757975
40003 1698757976
40003 1698757977
40006 1698757978
40006 1698757979
40004 1698757980
40004 1698757981
40006 1698757982
40005 1698757983
40004 1698757984
40008 1698757985
40002 1698757986
40004 1698757987
40003 1698757988
40002 1698757989
40005 1698757990
40004 1698757991
40003 1698757992
40006 1698757993
40005 1698757994
40005 1698757995
40006 1698757996
40005 1698757997
40006 1698757998
40007 1698757999
40006 1698758000
40007 1698758001
40006 1698758002
40002 1698758003
40008 1698758004
40000 1698758005
40006 1698758006
40004 1698758007
40003 1698758008
40004 1698758009
40002 1698758010
40003 1698758011
40006 1698758012
40005 1698758013
40007 1698758014
40003 1698758015
40010 1698758016
40002 1698758017
40008 1698758018
40003 1698758019
40008 1698758020
40003 1698758021
40003 1698758022
40004 1698758023
40004 1698758024
40004 1698758025
40003 1698758026
40004 1698758027
40003 1698758028
40005 1698758029
40003 1698758030
40004 1698758031
40005 1698758032
40004 1698758033
40007 1698758034
40004 1698758035
40003 1698758036
40004 1698758037
40002 1698758038
40004 1698758039
40005 1698758040
40004 1698758041
40005 1698758042
40006 1698758043
40006 1698758044
40008 1698758045
40005 1698758046
40005 1698758047
40001 1698758048
40004 1698758049
40007 1698758050
40005 1698758051
40002 1698758052
40003 1698758053
40007 1698758054
40006 1698758055
40006 1698758056
40002 1698758057
40003 1698758058
40002 1698758059
40004 1698758060
40004 1698758061
40003 1698758062
40007 1698758063
40003 1698758064
40005 1698758065
40002 1698758066
40002 1698758067
40001 1698758068
40002 1698758069
40005 1698758070
40001 1698758071
40005 1698758072
40001 1698758073
40004 1698758074
40002 1698758075
40003 1698758076
40005 1698758077
40002 1698758078
40005 1698758079
40003 1698758080
40004 1698758081
40005 1698758082
40008 1698758083
40003 1698758084
40006 1698758085
40006 1698758086
40004 1698758087
40004 1698758088
40003 1698758089
40005 1698758090
40003 1698758091
40007 1698758092
40000 1698758093
40002 1698758094
40004 1698758095
40010 1698758096
40003 1698758097
40005 1698758098
40005 1698758099
40002 1698758100
40007 1698758101
40002 1698758102
40008 1698758103
40010 1698758104
40005 1698758105
1580 1698758105
40006 1698758106
40004 1698758107
40001 1698758108
40000 1698758109
40000 1698758110
