40000 1698758261
40000 1698758262
40013 1698758263
40001 1698758264
40005 1698758265
40008 1698758266
40005 1698758267
40006 1698758268
40004 1698758269
40005 1698758270
40005 1698758271
40002 1698758272
40006 1698758273
40004 1698758274
40006 1698758275
40008 1698758276
40005 1698758277
40001 1698758278
40007 1698758279
40008 1698758280
40002 1698758281
40006 1698758282
40006 1698758283
40004 1698758284
680 1698758285
40006 1698758285
40001 1698758286
40003 1698758287
40002 1698758288
40004 1698758289
40007 1698758290
40008 1698758291
40004 1698758292
40004 1698758293
40004 1698758294
40006 1698758295
40003 1698758296
40004 1698758297
40008 1698758298
40004 1698758299
40004 1698758300
40001 1698758301
40003 1698758302
40004 1698758303
40003 1698758304
40006 1698758305
40002 1698758306
40006 1698758307
40004 1698758308
40006 1698758309
40005 1698758310
40004 1698758311
40002 1698758312
40001 1698758313
40007 1698758314
40004 1698758315
40004 1698758316
40006 1698758317
40009 1698758318
40006 1698758319
40006 1698758320
40006 1698758321
40004 1698758322
40006 1698758323
40004 1698758324
40004 1698758325
40005 1698758326
40006 1698758327
40004 1698758328
40003 1698758329
40006 1698758330
40002 1698758331
40004 1698758332
40005 1698758333
40005 1698758334
40006 1698758335
40002 1698758336
40006 1698758337
40001 1698758338
40007 1698758339
40003 1698758340
40004 1698758341
40003 1698758342
40008 1698758343
40001 1698758344
40005 1698758345
40005 1698758346
40003 1698758347
40003 1698758348
40008 1698758349
40004 1698758350
40009 1698758351
40006 1698758352
40006 1698758353
40004 1698758354
40002 1698758355
40004 1698758356
40003 1698758357
40003 1698758358
40003 1698758359
40004 1698758360
40003 1698758361
40006 1698758362
40002 1698758363
40006 1698758364
40001 1698758365
40002 1698758366
40004 1698758367
40007 1698758368
40000 1698758369
580 1698758370
40003 1698758370
40003 1698758371
40005 1698758372
40003 1698758373
40004 1698758374
40006 1698758375
40004 1698758376
40003 1698758377
40003 1698758378
40004 1698758379
40005 1698758380
40005 1698758381
40002 1698758382
40004 1698758383
40003 1698758384
40002 1698758385
40006 1698758386
40000 1698758387
40008 1698758388
40003 1698758389
40002 1698758390
40004 1698758391
40006 1698758392
40007 1698758393
40002 1698758394
40007 1698758395
40004 1698758396
40003 1698758397
40005 1698758398
40004 1698758399
40006 1698758400
40004 1698758401
40004 1698758402
40006 1698758403
40005 1698758404
40006 1698758405
40002 1698758406
40006 1698758407
40002 1698758408
40003 1698758409
40006 1698758410
40003 1698758411
40002 1698758412
40004 1698758413
40005 1698758414
40004 1698758415
40003 1698758416
40005 1698758417
40006 1698758418
40003 1698758419
40003 1698758420
40003 1698758421
40003 1698758422
40001 1698758423
40001 1698758424
40006 1698758425
40003 1698758426
40004 1698758427
40004 1698758428
40005 1698758429
40004 1698758430
40004 1698758431
40000 1698758432
40001 1698758433
40004 1698758434
40007 1698758435
40004 1698758436
40005 1698758437
40003 1698758438
40003 1698758439
40003 1698758440
40004 1698758441
40007 1698758442
40006 1698758443
40005 1698758444
40005 1698758445
40007 1698758446
40002 1698758447
40002 1698758448
40004 1698758449
40005 1698758450
40003 1698758451
40006 1698758452
40002 1698758453
40002 1698758454
40002 1698758455
40005 1698758456
40004 1698758457
40004 1698758458
40006 1698758459
40002 1698758460
40006 1698758461
40002 1698758462
40003 1698758463
40003 1698758464
40003 1698758465
40005 1698758466
40007 1698758467
40003 1698758468
40006 1698758469
40005 1698758470
40003 1698758471
40005 1698758472
40001 1698758473
40009 1698758474
40003 1698758475
40004 1698758476
40001 1698758477
40006 1698758478
40003 1698758479
40003 1698758480
40006 1698758481
40000 1698758482
40002 1698758483
40003 1698758484
40003 1698758485
40005 1698758486
40003 1698758487
40004 1698758488
40005 1698758489
40002 1698758490
40003 1698758491
40004 1698758492
40001 1698758493
40004 1698758494
40005 1698758495
40008 1698758496
40005 1698758497
40000 1698758498
40000 1698758499
40007 1698758500
40001 1698758501
40002 1698758502
40004 1698758503
40005 1698758504
40002 1698758505
40004 1698758506
40006 1698758507
40001 1698758508
40002 1698758509
40003 1698758510
40006 1698758511
2380 1698758512
40006 1698758512
40004 1698758513
40002 1698758514
40003 1698758515
40005 1698758516
40004 1698758517
40003 1698758518
40007 1698758519
40010 1698758520
40008 1698758521
40003 1698758522
5760 1698758523
40006 1698758523
40004 1698758524
40002 1698758525
40002 1698758526
40005 1698758527
40003 1698758528
40003 1698758529
40001 1698758530
40005 1698758531
40005 1698758532
40003 1698758533
40003 1698758534
40004 1698758535
40005 1698758536
40006 1698758537
40002 1698758538
40002 1698758539
40004 1698758540
40005 1698758541
40001 1698758542
40009 1698758543
40001 1698758544
40005 1698758545
40001 1698758546
40005 1698758547
40004 1698758548
40001 1698758549
40005 1698758550
40004 1698758551
40003 1698758552
40005 1698758553
40004 1698758554
40006 1698758555
40002 1698758556
40001 1698758557
40004 1698758558
40005 1698758559
40004 1698758560
40002 1698758561
40002 1698758562
40005 1698758563
40007 1698758564
40010 1698758565
40002 1698758566
40007 1698758567
40005 1698758568
40005 1698758569
40001 1698758570
40007 1698758571
40005 1698758572
40002 1698758573
40008 1698758574
40003 1698758575
40003 1698758576
40005 1698758577
40005 1698758578
40005 1698758579
40003 1698758580
40003 1698758581
40004 1698758582
40004 1698758583
40002 1698758584
40003 1698758585
40003 1698758586
40002 1698758587
40007 1698758588
40001 1698758589
40000 1698758590
40003 1698758591
40003 1698758592
40004 1698758593
40005 1698758594
40006 1698758595
40002 1698758596
40003 1698758597
40003 1698758598
40006 1698758599
40003 1698758600
40006 1698758601
40003 1698758602
40003 1698758603
40009 1698758604
40008 1698758605
40002 1698758606
40004 1698758607
40005 1698758608
40003 1698758609
40004 1698758610
40005 1698758611
40003 1698758612
40003 1698758613
40007 1698758614
40006 1698758615
40003 1698758616
40002 1698758617
40007 1698758618
40004 1698758619
40009 1698758620
40004 1698758621
40004 1698758622
40004 1698758623
40004 1698758624
40005 1698758625
40006 1698758626
40002 1698758627
40002 1698758628
40006 1698758629
40006 1698758630
40006 1698758631
40004 1698758632
40005 1698758633
40001 1698758634
40002 1698758635
40001 1698758636
40007 1698758637
40006 1698758638
40003 1698758639
40007 1698758640
40003 1698758641
40005 1698758642
40003 1698758643
40000 1698758644
40005 1698758645
40005 1698758646
40002 1698758647
40007 1698758648
40005 1698758649
40001 1698758650
40007 1698758651
40006 1698758652
40003 1698758653
40005 1698758654
40006 1698758655
40002 1698758656
40005 1698758657
40006 1698758658
40003 1698758659
40002 1698758660
40004 1698758661
40004 1698758662
40003 1698758663
40005 1698758664
40006 1698758665
40007 1698758666
40006 1698758667
40003 1698758668
40007 1698758669
40004 1698758670
40003 1698758671
40001 1698758672
40004 1698758673
40007 1698758674
40003 1698758675
40004 1698758676
40004 1698758677
40004 1698758678
40005 1698758679
40006 1698758680
40005 1698758681
460 1698758682
40007 1698758682
40007 1698758683
40003 1698758684
2320 1698758685
40003 1698758685
40005 1698758686
40003 1698758687
40003 1698758688
40005 1698758689
40003 1698758690
40004 1698758691
40008 1698758692
40000 1698758693
40006 1698758694
40002 1698758695
40003 1698758696
40005 1698758697
40010 1698758698
40006 1698758699
40006 1698758700
40005 1698758701
40009 1698758702
40005 1698758703
40000 1698758704
40002 1698758705
40002 1698758706
40003 1698758707
40003 1698758708
40005 1698758709
40010 1698758710
40005 1698758711
40000 1698758712
40005 1698758713
40006 1698758714
40006 1698758715
40005 1698758716
40003 1698758717
40005 1698758718
40005 1698758719
40009 1698758720
40002 1698758721
40006 1698758722
40003 1698758723
40007 1698758724
40004 1698758725
40006 1698758726
40007 1698758727
40006 1698758728
40007 1698758729
40002 1698758730
40003 1698758731
40002 1698758732
40003 1698758733
40002 1698758735
40000 1698758736
40005 1698758737
40006 1698758738
40003 1698758739
40004 1698758740
40008 1698758741
40006 1698758742
40007 1698758743
40005 1698758744
40002 1698758745
40002 1698758746
40003 1698758747
40000 1698758748
40004 1698758749
40007 1698758750
40002 1698758751
40005 1698758752
40004 1698758753
40001 1698758754
40002 1698758755
40003 1698758756
40004 1698758757
40005 1698758758
40001 1698758759
40005 1698758760
40005 1698758761
40005 1698758762
40001 1698758763
40009 1698758764
40003 1698758765
40004 1698758766
40004 1698758767
40003 1698758768
40003 1698758769
40003 1698758770
40004 1698758771
40004 1698758772
40003 1698758773
40004 1698758774
40007 1698758775
40006 1698758776
40005 1698758777
40004 1698758778
40006 1698758779
40003 1698758780
40003 1698758781
40003 1698758782
40006 1698758783
40004 1698758784
40004 1698758785
40007 1698758786
40003 1698758787
40005 1698758788
40003 1698758789
40001 1698758790
40002 1698758791
40005 1698758792
40005 1698758793
40003 1698758794
1780 1698758794
40007 1698758795
40002 1698758796
40003 1698758797
40005 1698758798
40003 1698758799
40002 1698758800
40004 1698758801
40006 1698758802
40007 1698758803
40004 1698758804
40002 1698758805
40004 1698758806
40001 1698758807
40007 1698758808
40005 1698758809
1760 1698758809
40004 1698758810
40003 1698758811
40004 1698758812
40005 1698758813
40002 1698758814
40005 1698758815
40003 1698758816
40005 1698758817
40007 1698758818
40003 1698758819
40003 1698758820
40007 1698758821
40004 1698758822
40003 1698758823
40005 1698758824
40006 1698758825
40006 1698758826
40004 1698758827
40006 1698758828
40007 1698758829
40003 1698758830
40007 1698758831
40003 1698758832
40003 1698758833
40004 1698758834
40005 1698758835
40005 1698758836
40006 1698758837
40003 1698758838
40002 1698758839
40003 1698758840
40005 1698758841
40003 1698758842
40004 1698758843
40005 1698758844
40006 1698758845
40004 1698758846
40004 1698758847
40005 1698758848
40009 1698758849
40005 1698758850
40008 1698758851
40002 1698758852
40003 1698758853
40003 1698758854
40004 1698758855
40001 1698758856
40011 1698758857
40004 1698758858
40003 1698758859
40005 1698758860
40002 1698758861
40002 1698758862
40000 1698758863
