40000 1698759707
40000 1698759708
40012 1698759709
40002 1698759710
40002 1698759711
40005 1698759712
40005 1698759713
40006 1698759714
40006 1698759715
40003 1698759716
40002 1698759717
40006 1698759718
40006 1698759719
40005 1698759720
40005 1698759721
40005 1698759722
40006 1698759723
40004 1698759724
40002 1698759725
40004 1698759726
40005 1698759727
40006 1698759728
40003 1698759729
40006 1698759730
40006 1698759731
40006 1698759732
40004 1698759733
40008 1698759734
40007 1698759735
40003 1698759736
40005 1698759737
40004 1698759738
40005 1698759739
40002 1698759740
40005 1698759741
40005 1698759742
40006 1698759743
40009 1698759744
40004 1698759745
40004 1698759746
40009 1698759747
800 1698759748
40005 1698759748
3800 1698759748
40012 1698759749
40006 1698759750
40005 1698759751
40004 1698759752
40003 1698759753
40005 1698759754
40004 1698759755
40003 1698759756
40008 1698759757
40004 1698759758
40005 1698759759
40004 1698759760
40002 1698759761
40002 1698759762
40005 1698759763
40003 1698759764
40008 1698759765
460 1698759765
40003 1698759766
40004 1698759767
40001 1698759768
40002 1698759769
40006 1698759770
40008 1698759771
40002 1698759772
40003 1698759773
40001 1698759774
40003 1698759775
40005 1698759776
40003 1698759777
40003 1698759778
40002 1698759779
40005 1698759780
40003 1698759781
40004 1698759782
40001 1698759783
40003 1698759784
40003 1698759785
40004 1698759786
40001 1698759787
40002 1698759788
40000 1698759789
40003 1698759790
40002 1698759791
40006 1698759792
40004 1698759793
40005 1698759794
40005 1698759795
40007 1698759796
40005 1698759797
40003 1698759798
40003 1698759799
40003 1698759800
40004 1698759801
40002 1698759802
40006 1698759803
40007 1698759804
40005 1698759805
40007 1698759806
40005 1698759807
40003 1698759808
40003 1698759809
40001 1698759810
40002 1698759811
40004 1698759812
40003 1698759813
40005 1698759814
40005 1698759815
40003 1698759816
40008 1698759817
40003 1698759818
40004 1698759819
40001 1698759820
40003 1698759821
40001 1698759822
40007 1698759823
40006 1698759824
40007 1698759825
40003 1698759826
40000 1698759827
40002 1698759828
40002 1698759829
40004 1698759830
40005 1698759831
40003 1698759832
40004 1698759833
40004 1698759834
40005 1698759835
40008 1698759836
40002 1698759837
40007 1698759838
40007 1698759839
40007 1698759840
40006 1698759841
40005 1698759842
40003 1698759843
40000 1698759844
40004 1698759845
40003 1698759846
40000 1698759847
40003 1698759848
40003 1698759849
40003 1698759850
40003 1698759851
40005 1698759852
40001 1698759853
40003 1698759854
40003 1698759855
40006 1698759856
40007 1698759857
40005 1698759858
40003 1698759859
40002 1698759860
40004 1698759861
40003 1698759862
40004 1698759863
40006 1698759864
40006 1698759865
40006 1698759866
40003 1698759867
40006 1698759868
40004 1698759869
40003 1698759870
40003 1698759871
40010 1698759872
40004 1698759873
40004 1698759874
40001 1698759875
40003 1698759876
40004 1698759877
40005 1698759878
40004 1698759879
40002 1698759880
40008 1698759881
40002 1698759882
40004 1698759883
40001 1698759884
40002 1698759885
40003 1698759886
40004 1698759887
40007 1698759888
40002 1698759889
40004 1698759890
40002 1698759891
40005 1698759892
40007 1698759893
40003 1698759894
40006 1698759895
40002 1698759896
40002 1698759897
40003 1698759898
40001 1698759899
40004 1698759900
40004 1698759901
40005 1698759902
40005 1698759903
40003 1698759904
40004 1698759905
40004 1698759906
40000 1698759907
40005 1698759908
40007 1698759909
40003 1698759910
40005 1698759911
40004 1698759912
40004 1698759913
40005 1698759914
40009 1698759915
40004 1698759916
40008 1698759917
40003 1698759918
40006 1698759920
40008 1698759921
40005 1698759922
40006 1698759923
40004 1698759924
40005 1698759925
40005 1698759926
40003 1698759927
40002 1698759928
40006 1698759929
40005 1698759930
40006 1698759931
40006 1698759932
40001 1698759933
40003 1698759934
40006 1698759935
40006 1698759936
40004 1698759937
40004 1698759938
40009 1698759939
40003 1698759940
40004 1698759941
40005 1698759942
40005 1698759943
40005 1698759944
40005 1698759945
40003 1698759946
40003 1698759947
40003 1698759948
40006 1698759949
40004 1698759950
40003 1698759951
40003 1698759952
40001 1698759953
40010 1698759954
40006 1698759955
40002 1698759956
40004 1698759957
40007 1698759958
40002 1698759959
40004 1698759960
40005 1698759961
40007 1698759962
40005 1698759963
40005 1698759964
40002 1698759965
40001 1698759966
40006 1698759967
40003 1698759968
40007 1698759969
40004 1698759970
40006 1698759971
40004 1698759972
40005 1698759973
40003 1698759974
40006 1698759975
40003 1698759976
40004 1698759977
40009 1698759978
80 1698759978
40008 1698759979
40004 1698759980
40004 1698759981
40004 1698759982
40003 1698759983
40002 1698759984
40000 1698759985
40004 1698759986
40004 1698759987
40003 1698759988
40003 1698759989
40002 1698759990
40004 1698759991
40001 1698759992
40005 1698759993
40000 1698759994
40004 1698759995
40007 1698759996
40001 1698759997
40003 1698759998
40004 1698759999
40004 1698760000
40002 1698760001
1880 1698760001
40006 1698760002
40003 1698760003
40003 1698760004
40006 1698760005
40004 1698760006
40000 1698760007
40005 1698760008
40006 1698760009
40003 1698760010
40006 1698760011
40004 1698760012
40004 1698760013
40006 1698760014
40005 1698760015
40005 1698760016
40005 1698760017
40004 1698760018
40001 1698760019
40002 1698760020
40003 1698760021
40003 1698760022
40007 1698760023
40002 1698760024
40002 1698760025
40003 1698760026
40005 1698760027
40005 1698760028
40006 1698760029
40004 1698760030
40005 1698760031
40003 1698760032
40005 1698760033
40001 1698760034
40002 1698760035
40005 1698760036
40007 1698760037
40003 1698760038
40002 1698760039
40005 1698760040
40001 1698760041
40002 1698760042
40004 1698760043
40010 1698760044
40004 1698760045
40004 1698760046
40006 1698760047
40004 1698760048
40006 1698760049
40006 1698760050
40005 1698760051
40005 1698760052
40006 1698760053
40008 1698760054
40007 1698760055
40002 1698760056
40006 1698760057
40005 1698760058
40007 1698760059
40004 1698760060
40006 1698760061
40002 1698760062
40007 1698760063
40008 1698760064
40003 1698760065
40003 1698760066
40005 1698760067
40003 1698760068
40004 1698760069
40005 1698760070
40002 1698760071
40005 1698760072
40008 1698760073
40003 1698760074
40007 1698760075
4680 1698760076
40003 1698760076
40003 1698760077
40009 1698760078
40004 1698760079
40003 1698760080
40002 1698760081
40003 1698760082
10660 1698760082
40003 1698760083
40004 1698760084
40002 1698760085
40003 1698760086
40002 1698760087
40008 1698760088
40004 1698760089
40001 1698760090
40005 1698760091
40004 1698760092
40007 1698760093
40004 1698760094
40007 1698760095
40004 1698760096
40002 1698760097
40004 1698760098
40006 1698760099
40004 1698760100
40006 1698760101
40004 1698760102
40002 1698760103
40008 1698760104
40005 1698760105
40004 1698760106
40001 1698760107
40004 1698760108
40002 1698760109
40002 1698760110
40004 1698760111
40005 1698760112
40003 1698760113
40003 1698760114
40005 1698760115
40005 1698760116
40001 1698760117
40004 1698760118
580 1698760118
40006 1698760119
40005 1698760120
40003 1698760121
40005 1698760122
40006 1698760123
40005 1698760124
40006 1698760125
40005 1698760126
40005 1698760127
40002 1698760128
40000 1698760129
40002 1698760130
40005 1698760131
40003 1698760132
40003 1698760133
380 1698760133
40003 1698760134
40003 1698760135
40007 1698760136
40002 1698760137
40007 1698760138
40002 1698760139
40005 1698760140
40002 1698760141
40003 1698760142
40008 1698760143
40002 1698760144
40001 1698760145
40004 1698760146
40003 1698760147
40006 1698760148
40004 1698760149
40006 1698760150
40007 1698760151
40001 1698760152
40002 1698760153
40003 1698760154
40007 1698760155
40004 1698760156
40004 1698760157
40004 1698760158
40008 1698760159
40003 1698760160
40004 1698760161
40003 1698760162
40004 1698760163
40005 1698760164
40006 1698760165
40004 1698760166
40005 1698760167
40001 1698760168
40005 1698760169
40003 1698760170
40003 1698760171
40002 1698760172
40006 1698760173
40001 1698760174
40006 1698760175
40003 1698760176
40002 1698760177
40003 1698760178
40004 1698760179
40004 1698760180
40006 1698760181
40003 1698760182
40005 1698760183
40007 1698760184
40000 1698760185
40007 1698760186
40002 1698760187
40003 1698760188
40004 1698760189
40000 1698760190
40003 1698760191
40003 1698760192
40004 1698760193
40001 1698760194
40002 1698760195
40001 1698760196
40005 1698760197
40007 1698760198
40003 1698760199
40003 1698760200
40002 1698760201
40004 1698760202
40002 1698760203
40003 1698760204
40001 1698760205
40003 1698760206
3480 1698760206
40004 1698760207
40000 1698760208
40003 1698760209
40007 1698760210
40001 1698760211
40008 1698760212
40001 1698760213
40004 1698760214
40003 1698760215
40004 1698760216
40000 1698760217
40005 1698760218
40004 1698760219
40003 1698760220
40002 1698760221
40005 1698760222
40003 1698760223
40005 1698760224
40002 1698760225
40005 1698760226
40005 1698760227
40003 1698760228
40005 1698760229
40002 1698760230
40004 1698760231
40006 1698760232
40010 1698760233
40006 1698760234
40007 1698760235
40003 1698760236
40002 1698760237
40002 1698760238
40005 1698760239
40003 1698760240
40005 1698760241
40003 1698760242
40005 1698760243
40002 1698760244
40006 1698760245
2700 1698760246
40003 1698760246
40004 1698760247
40008 1698760248
40003 1698760249
40003 1698760250
40002 1698760251
40004 1698760252
40004 1698760253
40005 1698760254
40003 1698760255
40004 1698760256
40004 1698760257
40002 1698760258
40000 1698760259
40004 1698760260
40001 1698760261
40005 1698760262
40001 1698760263
40002 1698760264
40007 1698760265
40006 1698760266
40000 1698760267
40006 1698760268
40006 1698760269
40002 1698760270
40003 1698760271
40003 1698760272
40006 1698760273
40000 1698760274
40005 1698760275
40008 1698760276
40004 1698760277
40003 1698760278
40004 1698760279
40005 1698760280
40006 1698760281
40002 1698760282
40002 1698760283
40003 1698760284
40006 1698760285
40005 1698760286
40005 1698760287
40003 1698760288
40005 1698760289
40002 1698760290
40006 1698760291
40010 1698760292
40004 1698760293
40005 1698760294
40003 1698760295
40006 1698760296
40005 1698760297
40007 1698760298
40000 1698760299
40001 1698760300
40003 1698760301
40002 1698760302
40004 1698760303
40002 1698760304
40005 1698760305
40006 1698760306
40001 1698760307
40000 1698760308
40000 1698760309
