40000 1698755860
40000 1698755861
40011 1698755862
40009 1698755863
40005 1698755864
40004 1698755865
40007 1698755866
40002 1698755867
40000 1698755868
40002 1698755869
40007 1698755870
40003 1698755871
40003 1698755872
80 1698755873
40006 1698755873
40005 1698755874
40003 1698755875
40004 1698755876
40004 1698755877
40003 1698755878
40007 1698755879
40006 1698755880
40004 1698755881
40002 1698755882
40005 1698755883
40005 1698755884
40001 1698755885
40007 1698755886
40007 1698755887
40001 1698755888
40005 1698755889
40003 1698755890
40004 1698755891
40010 1698755892
40005 1698755893
40002 1698755894
40002 1698755895
40007 1698755896
40006 1698755897
40005 1698755898
40003 1698755899
40006 1698755900
40004 1698755901
40007 1698755902
3620 1698755903
40009 1698755903
40001 1698755904
40004 1698755905
40002 1698755906
40007 1698755907
40003 1698755908
40003 1698755909
40006 1698755910
40004 1698755911
40005 1698755912
40005 1698755913
40006 1698755914
40001 1698755915
40004 1698755916
40004 1698755917
40001 1698755918
40002 1698755919
40002 1698755920
40004 1698755921
40000 1698755922
40006 1698755923
40003 1698755924
40005 1698755925
40002 1698755926
40000 1698755927
40006 1698755928
40006 1698755929
40004 1698755930
40002 1698755931
40004 1698755932
40005 1698755933
40004 1698755934
40006 1698755935
40006 1698755936
40002 1698755937
40002 1698755938
40004 1698755939
40004 1698755940
40002 1698755941
40006 1698755942
40007 1698755943
40002 1698755944
40002 1698755945
40004 1698755946
40006 1698755947
40004 1698755948
40006 1698755949
40005 1698755950
40005 1698755951
40003 1698755952
40003 1698755953
40007 1698755954
40003 1698755955
40006 1698755956
40002 1698755957
40007 1698755958
40001 1698755959
40006 1698755960
40003 1698755961
40007 1698755962
40005 1698755963
40008 1698755964
40007 1698755965
40002 1698755966
40007 1698755967
40001 1698755968
40009 1698755969
40006 1698755970
40010 1698755971
40010 1698755972
40007 1698755973
40005 1698755974
40005 1698755975
40005 1698755976
40001 1698755977
40004 1698755978
40004 1698755979
40005 1698755980
40003 1698755981
40002 1698755982
40004 1698755983
40001 1698755984
40003 1698755985
40005 1698755986
40002 1698755987
40006 1698755988
40002 1698755989
40004 1698755990
1540 1698755991
40006 1698755991
40004 1698755992
40005 1698755993
40003 1698755994
40005 1698755995
40005 1698755996
40002 1698755997
40005 1698755998
40005 1698755999
40007 1698756000
40002 1698756001
40003 1698756002
40004 1698756003
40001 1698756004
40008 1698756005
40007 1698756006
40004 1698756007
40003 1698756008
40006 1698756009
40002 1698756010
40003 1698756011
40005 1698756012
40004 1698756013
40006 1698756014
40006 1698756015
40007 1698756016
40008 1698756017
40003 1698756018
40005 1698756019
2460 1698756020
40005 1698756020
40004 1698756021
40004 1698756022
40003 1698756023
40005 1698756024
40002 1698756025
40003 1698756026
40007 1698756027
40003 1698756028
40003 1698756029
40004 1698756030
40004 1698756031
40009 1698756032
40008 1698756033
40009 1698756034
40007 1698756035
40003 1698756036
40005 1698756037
40005 1698756038
40005 1698756039
40004 1698756040
40007 1698756041
40004 1698756042
40003 1698756043
40007 1698756044
40001 1698756045
40003 1698756046
40006 1698756047
40005 1698756048
40002 1698756049
40003 1698756050
40004 1698756051
40006 1698756052
40006 1698756053
40004 1698756054
40005 1698756055
40006 1698756056
40005 1698756057
40006 1698756058
40004 1698756059
40004 1698756060
40007 1698756061
40004 1698756062
40005 1698756063
40004 1698756064
40004 1698756065
40007 1698756066
40004 1698756067
40004 1698756068
40002 1698756069
40001 1698756070
40006 1698756071
40004 1698756072
40006 1698756073
40004 1698756074
40003 1698756075
40003 1698756076
40005 1698756077
40007 1698756078
40003 1698756079
40006 1698756080
40008 1698756081
40004 1698756082
40004 1698756083
40005 1698756084
40003 1698756085
40004 1698756086
40005 1698756087
40004 1698756088
40002 1698756089
40005 1698756090
40002 1698756091
40003 1698756092
40005 1698756093
40004 1698756094
40006 1698756095
40004 1698756096
40003 1698756097
40004 1698756098
40004 1698756099
40004 1698756100
40006 1698756101
40010 1698756102
40005 1698756103
40002 1698756104
40005 1698756105
40003 1698756106
40006 1698756107
40008 1698756108
40004 1698756109
40007 1698756110
40006 1698756111
40004 1698756112
40006 1698756113
40002 1698756114
40000 1698756115
40002 1698756116
40004 1698756117
40003 1698756118
40003 1698756119
40005 1698756120
40004 1698756121
40005 1698756122
40007 1698756123
40002 1698756124
40002 1698756125
40003 1698756126
40004 1698756127
40004 1698756128
40004 1698756129
40003 1698756130
40003 1698756131
40004 1698756132
40005 1698756133
40002 1698756134
40003 1698756135
40002 1698756136
40009 1698756137
40008 1698756138
40005 1698756139
40006 1698756140
40003 1698756141
40005 1698756142
40008 1698756143
40003 1698756144
40007 1698756145
40002 1698756146
40004 1698756147
40003 1698756148
40008 1698756149
40003 1698756150
40002 1698756151
40003 1698756152
40006 1698756153
40005 1698756154
40003 1698756155
40005 1698756156
40003 1698756157
40002 1698756158
40004 1698756159
40006 1698756160
40003 1698756161
40007 1698756162
40009 1698756163
2340 1698756164
40005 1698756164
40002 1698756165
40006 1698756166
40004 1698756167
40003 1698756168
40005 1698756169
40002 1698756170
40004 1698756171
40003 1698756172
40006 1698756173
40003 1698756174
40005 1698756175
580 1698756176
40002 1698756176
40007 1698756177
40002 1698756178
40002 1698756179
40002 1698756180
40007 1698756181
40004 1698756182
40003 1698756183
40004 1698756184
40005 1698756185
40002 1698756186
40001 1698756187
40010 1698756188
40003 1698756189
40004 1698756190
40007 1698756191
40004 1698756192
40007 1698756193
40006 1698756194
40003 1698756195
40003 1698756196
40003 1698756197
40003 1698756198
40004 1698756199
40004 1698756200
40004 1698756201
40006 1698756202
40004 1698756203
40010 1698756204
40002 1698756205
40005 1698756206
40007 1698756207
40003 1698756208
40002 1698756209
40004 1698756210
40005 1698756211
40003 1698756212
40006 1698756213
40004 1698756214
40009 1698756215
40009 1698756216
40006 1698756217
40006 1698756218
40006 1698756219
40004 1698756220
40005 1698756221
40003 1698756222
40006 1698756223
40002 1698756224
40004 1698756225
40004 1698756226
40004 1698756227
40003 1698756228
40005 1698756229
40004 1698756230
40004 1698756231
40001 1698756232
40007 1698756233
40003 1698756234
120 1698756235
40004 1698756235
40006 1698756236
40000 1698756237
40006 1698756238
40005 1698756239
40003 1698756240
40003 1698756241
40004 1698756242
40003 1698756243
40006 1698756244
40003 1698756245
40004 1698756246
40005 1698756247
40007 1698756248
40004 1698756249
40006 1698756250
40004 1698756251
40005 1698756252
40004 1698756253
40010 1698756254
40005 1698756255
40004 1698756256
40009 1698756257
40003 1698756258
40005 1698756259
40002 1698756260
40006 1698756261
40005 1698756262
40010 1698756263
40005 1698756264
40005 1698756265
360 1698756266
40004 1698756266
40006 1698756267
40003 1698756268
40001 1698756269
40004 1698756270
40004 1698756271
40003 1698756272
40004 1698756273
40005 1698756274
40003 1698756275
40012 1698756276
40004 1698756277
40007 1698756278
40003 1698756279
40006 1698756280
40004 1698756281
40005 1698756282
40006 1698756283
40006 1698756284
40003 1698756285
40002 1698756286
40004 1698756287
40003 1698756288
40004 1698756289
40005 1698756290
40002 1698756291
40006 1698756292
40001 1698756293
40006 1698756294
40004 1698756295
40006 1698756296
40002 1698756297
40004 1698756298
40007 1698756299
40008 1698756300
40006 1698756301
40005 1698756302
40002 1698756303
40006 1698756304
40003 1698756305
40002 1698756306
40005 1698756307
40004 1698756308
40005 1698756309
40006 1698756310
40004 1698756311
40007 1698756312
40004 1698756313
40006 1698756314
40004 1698756315
40007 1698756316
40001 1698756317
40003 1698756318
40005 1698756319
40004 1698756320
40004 1698756321
40004 1698756322
40006 1698756323
40007 1698756324
40004 1698756325
40001 1698756326
40003 1698756327
40005 1698756328
40002 1698756329
40005 1698756330
40007 1698756331
40003 1698756332
40007 1698756333
40006 1698756334
40004 1698756335
40007 1698756336
40005 1698756337
40005 1698756338
40005 1698756339
40003 1698756340
40005 1698756341
40004 1698756342
40008 1698756343
40001 1698756344
40003 1698756345
40006 1698756346
40003 1698756347
40002 1698756348
40008 1698756349
40005 1698756350
40001 1698756351
40002 1698756352
40004 1698756353
40003 1698756354
40003 1698756355
40003 1698756356
40002 1698756357
40003 1698756358
40004 1698756359
40005 1698756360
40002 1698756361
40006 1698756362
40005 1698756363
40006 1698756364
40001 1698756365
40005 1698756366
40005 1698756367
40005 1698756368
40004 1698756369
40007 1698756370
40005 1698756371
40004 1698756372
40005 1698756373
40004 1698756374
40005 1698756375
40001 1698756376
40005 1698756377
40000 1698756378
40005 1698756379
40004 1698756380
40005 1698756381
40005 1698756382
40005 1698756383
40004 1698756384
40005 1698756385
40001 1698756386
40003 1698756387
40003 1698756388
40002 1698756389
40005 1698756390
40001 1698756391
40002 1698756392
40005 1698756393
40002 1698756394
40005 1698756395
40005 1698756396
40004 1698756397
40004 1698756398
40006 1698756399
40005 1698756400
40001 1698756401
40005 1698756402
40004 1698756403
40006 1698756404
40003 1698756405
40005 1698756406
40001 1698756407
40002 1698756408
40003 1698756409
40002 1698756410
40001 1698756411
40004 1698756412
40002 1698756413
40001 1698756414
40005 1698756415
40002 1698756416
40004 1698756417
40004 1698756418
40005 1698756419
3300 1698756420
40004 1698756420
40007 1698756421
40007 1698756422
40006 1698756423
40006 1698756424
40007 1698756425
40004 1698756426
40005 1698756427
40002 1698756428
40002 1698756429
40002 1698756430
40003 1698756431
40006 1698756432
40007 1698756433
40007 1698756434
40007 1698756435
40002 1698756436
40009 1698756437
40009 1698756438
40002 1698756439
40013 1698756440
40007 1698756441
40003 1698756442
40007 1698756443
40004 1698756444
40005 1698756445
40005 1698756446
40005 1698756447
40004 1698756448
40003 1698756449
40002 1698756450
40005 1698756451
40006 1698756452
40006 1698756453
40005 1698756454
40006 1698756455
40006 1698756456
40006 1698756457
40004 1698756458
40002 1698756459
40004 1698756460
40000 1698756461
