40000 1698756592
40000 1698756593
40009 1698756594
40005 1698756595
40003 1698756596
40003 1698756597
40004 1698756598
40005 1698756599
40006 1698756600
40004 1698756601
6180 1698756601
40005 1698756602
40004 1698756603
40005 1698756604
40003 1698756605
40005 1698756606
40004 1698756607
3800 1698756607
40004 1698756608
40005 1698756609
40006 1698756610
40005 1698756611
40004 1698756612
40003 1698756613
40003 1698756614
40006 1698756615
40007 1698756616
40005 1698756617
40004 1698756618
40007 1698756619
40004 1698756620
40002 1698756621
40003 1698756622
40009 1698756623
40002 1698756624
40003 1698756625
40004 1698756626
40006 1698756627
40007 1698756628
40001 1698756629
40001 1698756630
40004 1698756631
40006 1698756632
40001 1698756633
40006 1698756634
40007 1698756635
40004 1698756636
40003 1698756637
40008 1698756638
40001 1698756639
40002 1698756640
40004 1698756641
40004 1698756642
40003 1698756643
40002 1698756644
40004 1698756645
40005 1698756646
40004 1698756647
40006 1698756648
40004 1698756649
40007 1698756650
40001 1698756651
40003 1698756652
40002 1698756653
40003 1698756654
40002 1698756655
40005 1698756656
40006 1698756657
40003 1698756658
40000 1698756659
40004 1698756660
40001 1698756661
40005 1698756662
40002 1698756663
40004 1698756664
40004 1698756665
2660 1698756665
40003 1698756666
40003 1698756667
40002 1698756668
40004 1698756669
40003 1698756670
40004 1698756671
40003 1698756672
40007 1698756673
40006 1698756674
40004 1698756675
40002 1698756676
40002 1698756677
40003 1698756678
40008 1698756679
40002 1698756680
40000 1698756681
40004 1698756682
40005 1698756683
40007 1698756684
40003 1698756685
40003 1698756686
40002 1698756687
40004 1698756688
40008 1698756689
40005 1698756690
2060 1698756690
40004 1698756691
40005 1698756692
40004 1698756693
40011 1698756694
40001 1698756695
40000 1698756696
40007 1698756697
40002 1698756698
40003 1698756699
40009 1698756700
40003 1698756701
40005 1698756702
40003 1698756703
40004 1698756704
40002 1698756705
40006 1698756706
40004 1698756707
40008 1698756708
40004 1698756709
40005 1698756710
40002 1698756711
40003 1698756712
3200 1698756712
40003 1698756713
40004 1698756714
40007 1698756715
40006 1698756716
40005 1698756717
40006 1698756718
40003 1698756719
40003 1698756720
40008 1698756721
40004 1698756722
40007 1698756723
40004 1698756724
40002 1698756725
40003 1698756726
40002 1698756727
40001 1698756728
40004 1698756729
40008 1698756730
40003 1698756731
40002 1698756732
40001 1698756733
40002 1698756734
40008 1698756735
40003 1698756736
40006 1698756737
40003 1698756738
40005 1698756739
40006 1698756740
40004 1698756741
40006 1698756742
40001 1698756743
40002 1698756744
40005 1698756745
40004 1698756746
40003 1698756747
40005 1698756748
40002 1698756749
40006 1698756750
40005 1698756751
40003 1698756752
40004 1698756753
40002 1698756754
40003 1698756755
40004 1698756756
4900 1698756757
40004 1698756757
40002 1698756758
40005 1698756759
40008 1698756760
40003 1698756761
40003 1698756762
40003 1698756763
40006 1698756764
40003 1698756765
40002 1698756766
40001 1698756767
40004 1698756768
40003 1698756769
40002 1698756770
40005 1698756771
40004 1698756772
40004 1698756773
40001 1698756774
40003 1698756775
40002 1698756776
40001 1698756777
40005 1698756778
40002 1698756779
40005 1698756780
40003 1698756781
40008 1698756782
40004 1698756783
40007 1698756784
40004 1698756785
40003 1698756786
40005 1698756787
40003 1698756788
40008 1698756789
40003 1698756790
40001 1698756791
40005 1698756792
40004 1698756793
40002 1698756794
40005 1698756795
40005 1698756796
40008 1698756797
40003 1698756798
40003 1698756799
40006 1698756800
40007 1698756801
40006 1698756802
40005 1698756803
3880 1698756803
40010 1698756804
40008 1698756805
40007 1698756806
40003 1698756807
40004 1698756808
40003 1698756809
1760 1698756809
40002 1698756810
40003 1698756811
40002 1698756812
40007 1698756813
40006 1698756814
40004 1698756815
40005 1698756816
40002 1698756817
40002 1698756818
40009 1698756819
40004 1698756820
40003 1698756821
40004 1698756822
40008 1698756823
40001 1698756824
40005 1698756825
40004 1698756826
40007 1698756827
40006 1698756828
40001 1698756829
40003 1698756830
40003 1698756831
40007 1698756832
40004 1698756833
40002 1698756834
40007 1698756835
40005 1698756836
40006 1698756837
40002 1698756838
40003 1698756839
40003 1698756840
40004 1698756841
40003 1698756842
40003 1698756843
40003 1698756844
40005 1698756845
40001 1698756846
40007 1698756847
40007 1698756848
40007 1698756849
40006 1698756850
40003 1698756851
40002 1698756852
40005 1698756853
40000 1698756854
40003 1698756855
40002 1698756856
40004 1698756857
8440 1698756857
40005 1698756858
40006 1698756859
40005 1698756860
40005 1698756861
40008 1698756862
40007 1698756863
40002 1698756864
40003 1698756865
40006 1698756866
40002 1698756867
40005 1698756868
40002 1698756869
40005 1698756870
40004 1698756871
40003 1698756872
40007 1698756873
40007 1698756874
40005 1698756875
40005 1698756876
40006 1698756877
40004 1698756878
40007 1698756879
40002 1698756880
40005 1698756881
40006 1698756882
40002 1698756883
40004 1698756884
40004 1698756885
40001 1698756886
40004 1698756887
40003 1698756888
40001 1698756889
40001 1698756890
40002 1698756891
40003 1698756892
40007 1698756893
40006 1698756894
40006 1698756895
40003 1698756896
40005 1698756897
40006 1698756898
40003 1698756899
40004 1698756900
40003 1698756901
40006 1698756902
40003 1698756903
40003 1698756904
40005 1698756905
40004 1698756906
40000 1698756907
40005 1698756908
40003 1698756909
40003 1698756910
40002 1698756911
40003 1698756912
40003 1698756913
40004 1698756914
40004 1698756915
40002 1698756916
40002 1698756917
40002 1698756918
40003 1698756919
40007 1698756920
40005 1698756921
40005 1698756922
40008 1698756923
40003 1698756924
40007 1698756925
40006 1698756926
40004 1698756927
40009 1698756928
40002 1698756929
40005 1698756930
40005 1698756931
40002 1698756932
40005 1698756933
40001 1698756934
40005 1698756935
40007 1698756936
40002 1698756937
40003 1698756938
40007 1698756939
40005 1698756940
40001 1698756941
40004 1698756942
40007 1698756943
40004 1698756944
40003 1698756945
40003 1698756946
40004 1698756947
40002 1698756948
40005 1698756949
40002 1698756950
40007 1698756951
40003 1698756952
40001 1698756953
40004 1698756954
40004 1698756955
40002 1698756956
40002 1698756957
40004 1698756958
1880 1698756958
40007 1698756959
40005 1698756960
40006 1698756961
40002 1698756962
40001 1698756963
40002 1698756964
40003 1698756965
40003 1698756966
40006 1698756967
40010 1698756968
40003 1698756969
40006 1698756970
40006 1698756971
40002 1698756972
40003 1698756973
40004 1698756974
40007 1698756975
40006 1698756976
40006 1698756977
40007 1698756978
40001 1698756979
40004 1698756980
40005 1698756981
40003 1698756982
40007 1698756983
40002 1698756984
4420 1698756984
40006 1698756985
40007 1698756986
40004 1698756987
40005 1698756988
40006 1698756989
40006 1698756990
40002 1698756991
40009 1698756992
40000 1698756993
40002 1698756994
40005 1698756995
40004 1698756996
40011 1698756997
40001 1698756998
40004 1698756999
40004 1698757000
40009 1698757001
40000 1698757002
1620 1698757003
40005 1698757003
40003 1698757004
40002 1698757005
13680 1698757005
40010 1698757006
40002 1698757007
40007 1698757008
40003 1698757009
40001 1698757010
40004 1698757011
40005 1698757012
40000 1698757013
40002 1698757014
40004 1698757015
40005 1698757016
40004 1698757017
40009 1698757018
40006 1698757019
40002 1698757020
40005 1698757021
40007 1698757022
40004 1698757023
40003 1698757024
40012 1698757025
40002 1698757026
40007 1698757027
2660 1698757027
40007 1698757028
40002 1698757029
40003 1698757030
8720 1698757030
40005 1698757031
40005 1698757032
40003 1698757033
40006 1698757034
40005 1698757035
40003 1698757036
40002 1698757037
40002 1698757038
40004 1698757039
40005 1698757040
40004 1698757041
40009 1698757042
40003 1698757043
40005 1698757044
40004 1698757045
40004 1698757046
40004 1698757047
80 1698757048
40004 1698757048
40002 1698757049
40008 1698757050
40003 1698757051
40004 1698757052
40006 1698757053
40006 1698757054
40004 1698757055
6200 1698757056
40007 1698757056
40005 1698757057
40008 1698757058
40004 1698757059
40001 1698757060
40006 1698757061
40008 1698757062
40006 1698757063
40003 1698757064
40005 1698757065
40004 1698757066
40008 1698757067
40007 1698757068
40003 1698757069
40002 1698757070
40007 1698757071
40003 1698757072
40004 1698757073
40008 1698757074
40006 1698757075
40006 1698757076
40006 1698757077
40003 1698757078
40003 1698757079
40004 1698757080
40005 1698757081
40000 1698757082
40002 1698757083
40004 1698757084
40006 1698757085
40010 1698757086
40003 1698757087
40004 1698757088
40003 1698757089
40002 1698757090
40002 1698757091
40003 1698757092
40006 1698757093
40011 1698757094
40003 1698757095
40004 1698757096
720 1698757096
40005 1698757097
40008 1698757098
40003 1698757099
40009 1698757100
40003 1698757101
40000 1698757102
40003 1698757103
40008 1698757104
40006 1698757105
40005 1698757106
40006 1698757107
40006 1698757108
40003 1698757109
40001 1698757110
40001 1698757111
40002 1698757112
40002 1698757113
40004 1698757114
40006 1698757115
40004 1698757116
40004 1698757117
40001 1698757118
40006 1698757119
40008 1698757120
40005 1698757121
40006 1698757122
40002 1698757123
40005 1698757124
40002 1698757125
40005 1698757126
40001 1698757127
40006 1698757128
40003 1698757129
40008 1698757130
40003 1698757131
40005 1698757132
40008 1698757133
40004 1698757134
40004 1698757135
40004 1698757136
40006 1698757137
40006 1698757138
40004 1698757139
40005 1698757140
40004 1698757141
40005 1698757142
40004 1698757143
40004 1698757144
40004 1698757145
40003 1698757146
40004 1698757147
40002 1698757148
40001 1698757149
40006 1698757150
40006 1698757151
40007 1698757152
40005 1698757153
40006 1698757154
40004 1698757155
40004 1698757156
40003 1698757157
220 1698757157
40008 1698757158
40003 1698757159
40004 1698757160
40005 1698757161
40004 1698757162
40003 1698757163
40004 1698757164
40006 1698757165
40009 1698757166
40002 1698757167
40001 1698757168
40004 1698757169
40005 1698757170
40007 1698757171
40004 1698757172
40004 1698757173
40003 1698757174
40003 1698757175
40008 1698757176
40009 1698757177
40002 1698757178
40005 1698757179
40001 1698757180
40002 1698757181
40008 1698757182
40003 1698757183
40005 1698757184
40003 1698757185
40008 1698757186
40005 1698757187
40005 1698757188
40004 1698757189
40007 1698757190
40008 1698757191
40001 1698757192
40000 1698757193
