40000 1695393522
40000 1695393523
40014 1695393525
40002 1695393526
40000 1695393527
40006 1695393528
40002 1695393529
40002 1695393530
40008 1695393531
40004 1695393532
40007 1695393533
40007 1695393534
40002 1695393535
40001 1695393536
40003 1695393537
40004 1695393538
40005 1695393539
40002 1695393540
40005 1695393541
40003 1695393542
40003 1695393543
40004 1695393544
40005 1695393545
40003 1695393546
40002 1695393547
40003 1695393548
40004 1695393549
40003 1695393550
40005 1695393551
40001 1695393552
40003 1695393553
40002 1695393554
40002 1695393555
40004 1695393556
40001 1695393557
40004 1695393558
40006 1695393559
40006 1695393560
40007 1695393561
40007 1695393562
40002 1695393563
40005 1695393564
40004 1695393565
40001 1695393566
40003 1695393567
40003 1695393568
40002 1695393569
40003 1695393570
40005 1695393571
40003 1695393572
40005 1695393573
40008 1695393574
40006 1695393575
40004 1695393576
40008 1695393577
40003 1695393578
40003 1695393579
40002 1695393580
40003 1695393581
40001 1695393582
40004 1695393583
40003 1695393584
40004 1695393585
40003 1695393586
40001 1695393587
40002 1695393588
40005 1695393589
40001 1695393590
40003 1695393591
40004 1695393592
40006 1695393593
40001 1695393594
720 1695393594
40003 1695393595
40003 1695393596
40004 1695393597
40004 1695393598
40005 1695393599
40003 1695393600
40004 1695393601
40001 1695393602
40002 1695393603
40005 1695393604
40002 1695393605
40001 1695393606
40002 1695393607
40000 1695393608
40007 1695393609
40002 1695393610
40002 1695393611
40003 1695393612
40006 1695393613
40002 1695393614
40004 1695393615
40004 1695393616
40003 1695393617
40003 1695393618
40010 1695393619
40004 1695393620
40004 1695393621
40003 1695393622
40003 1695393623
40002 1695393624
40000 1695393625
40005 1695393626
40002 1695393627
40002 1695393628
40003 1695393629
40002 1695393630
40003 1695393631
40000 1695393632
40002 1695393633
40002 1695393634
40005 1695393635
40003 1695393636
40003 1695393637
40002 1695393638
40004 1695393639
40002 1695393640
40001 1695393641
40004 1695393642
40002 1695393643
40005 1695393644
40003 1695393645
40001 1695393646
40001 1695393647
40006 1695393648
40005 1695393649
40002 1695393650
40005 1695393651
40002 1695393652
40001 1695393653
40008 1695393654
40004 1695393655
40003 1695393656
40008 1695393657
40002 1695393658
40004 1695393659
40005 1695393660
40004 1695393661
40001 1695393662
40001 1695393663
40006 1695393664
40003 1695393665
40005 1695393666
40002 1695393667
40006 1695393668
40002 1695393669
40003 1695393670
40005 1695393671
40003 1695393672
40003 1695393673
40001 1695393674
40006 1695393675
40006 1695393676
40003 1695393677
40004 1695393678
40004 1695393679
40002 1695393680
40004 1695393681
40003 1695393682
40004 1695393683
40000 1695393684
40001 1695393685
40003 1695393686
40001 1695393687
40006 1695393688
40003 1695393689
40001 1695393690
40000 1695393691
40003 1695393692
40006 1695393693
40003 1695393694
40002 1695393695
40003 1695393696
40004 1695393697
40005 1695393698
40005 1695393699
1880 1695393699
40002 1695393700
40002 1695393701
40002 1695393702
40005 1695393703
40002 1695393704
40004 1695393705
40006 1695393706
40005 1695393707
40003 1695393708
40004 1695393709
40005 1695393710
40004 1695393711
40000 1695393712
40004 1695393713
40003 1695393714
40004 1695393715
40003 1695393716
40003 1695393717
40002 1695393718
40002 1695393719
40005 1695393720
40003 1695393721
40002 1695393722
40003 1695393723
40005 1695393724
40001 1695393725
40004 1695393726
40001 1695393727
40005 1695393728
40004 1695393729
40002 1695393730
40002 1695393731
40004 1695393732
40004 1695393733
40000 1695393734
40004 1695393735
40003 1695393736
40003 1695393737
40002 1695393738
40001 1695393739
40004 1695393740
40002 1695393741
40004 1695393742
40004 1695393743
40003 1695393744
40002 1695393745
40004 1695393746
40003 1695393747
40005 1695393748
40005 1695393749
40009 1695393750
40003 1695393751
40005 1695393752
40001 1695393753
40001 1695393754
40006 1695393755
40004 1695393756
40005 1695393757
40004 1695393758
40002 1695393759
40007 1695393760
40001 1695393761
40009 1695393762
40002 1695393763
40005 1695393764
40006 1695393765
40004 1695393766
2020 1695393767
40006 1695393767
40003 1695393768
40002 1695393769
40002 1695393770
40003 1695393771
40000 1695393772
40003 1695393773
40005 1695393774
700 1695393774
40002 1695393775
40002 1695393776
40002 1695393777
40001 1695393778
40003 1695393779
40002 1695393780
40003 1695393781
40004 1695393782
40006 1695393783
40005 1695393784
40004 1695393785
40000 1695393786
40002 1695393787
40002 1695393788
40002 1695393789
40001 1695393790
40006 1695393791
40003 1695393792
40004 1695393793
40006 1695393794
40004 1695393795
40004 1695393796
40005 1695393797
40002 1695393798
40002 1695393799
40003 1695393800
40002 1695393801
40002 1695393802
40003 1695393803
40009 1695393804
40001 1695393805
40002 1695393806
40003 1695393807
40002 1695393808
40006 1695393809
40005 1695393810
40006 1695393811
40003 1695393812
40005 1695393813
40001 1695393814
40004 1695393815
40008 1695393816
40003 1695393817
560 1695393817
40005 1695393818
40003 1695393819
40006 1695393820
40001 1695393821
40006 1695393822
40001 1695393823
