40000 1695391003
40000 1695391004
40000 1695391005
40000 1695391006
40000 1695391007
40000 1695391008
40000 1695391009
40000 1695391010
40000 1695391011
40000 1695391012
40000 1695391013
40000 1695391014
40000 1695391015
40000 1695391016
40000 1695391017
40000 1695391018
40000 1695391019
40000 1695391020
40000 1695391021
40000 1695391022
40000 1695391023
40000 1695391024
40000 1695391025
40000 1695391026
40000 1695391027
40000 1695391028
40000 1695391029
40000 1695391030
40000 1695391031
40000 1695391032
40000 1695391033
40000 1695391034
40000 1695391035
40000 1695391036
40000 1695391037
40000 1695391038
40000 1695391039
40000 1695391040
40000 1695391041
40000 1695391042
40000 1695391043
40000 1695391044
40000 1695391045
40000 1695391046
40000 1695391047
40000 1695391048
40000 1695391049
40000 1695391050
40000 1695391051
40000 1695391052
40000 1695391053
40000 1695391054
40000 1695391055
40000 1695391056
40000 1695391057
40000 1695391058
40000 1695391059
40000 1695391060
40000 1695391061
40000 1695391062
40000 1695391063
40000 1695391064
40000 1695391065
40000 1695391066
40000 1695391067
40000 1695391068
40000 1695391069
40000 1695391070
40000 1695391071
40000 1695391072
40000 1695391073
40000 1695391074
40000 1695391075
40000 1695391076
40000 1695391077
40000 1695391078
40000 1695391079
40000 1695391080
40000 1695391081
40000 1695391082
40000 1695391083
40000 1695391084
40000 1695391085
40000 1695391086
40000 1695391087
40000 1695391088
40000 1695391089
40000 1695391090
40000 1695391091
40000 1695391092
40000 1695391093
40000 1695391094
40000 1695391095
40000 1695391096
40000 1695391097
40000 1695391098
40000 1695391099
40000 1695391100
40000 1695391101
40000 1695391102
40000 1695391103
40000 1695391104
40000 1695391105
40000 1695391106
40000 1695391107
40000 1695391108
40000 1695391109
40000 1695391110
40000 1695391111
40000 1695391112
40000 1695391113
40000 1695391114
40000 1695391115
40000 1695391116
40000 1695391117
40000 1695391118
40000 1695391119
40000 1695391120
40000 1695391121
40000 1695391122
40000 1695391123
40000 1695391124
40000 1695391125
40000 1695391126
40000 1695391127
40000 1695391128
40000 1695391129
40000 1695391130
40000 1695391131
40000 1695391132
40000 1695391133
40000 1695391134
40000 1695391135
40000 1695391136
40000 1695391137
40000 1695391138
40000 1695391139
40000 1695391140
40000 1695391141
40000 1695391142
40000 1695391143
40000 1695391144
40000 1695391145
40000 1695391146
40000 1695391147
40000 1695391148
40000 1695391149
40000 1695391150
40000 1695391151
40000 1695391152
40000 1695391153
40000 1695391154
40000 1695391155
40000 1695391156
40000 1695391157
40000 1695391158
40000 1695391159
40000 1695391160
40000 1695391161
40000 1695391162
40000 1695391163
40000 1695391164
40000 1695391165
40000 1695391166
40000 1695391167
40000 1695391168
40000 1695391169
40000 1695391170
40000 1695391171
40000 1695391172
40000 1695391173
40000 1695391174
40000 1695391175
40000 1695391176
40000 1695391177
40000 1695391178
40000 1695391179
40000 1695391180
40000 1695391181
40000 1695391182
40000 1695391183
40000 1695391184
40000 1695391185
40000 1695391186
40000 1695391187
40000 1695391188
40000 1695391189
40000 1695391190
40000 1695391191
40000 1695391192
40000 1695391193
40000 1695391194
40000 1695391195
40000 1695391196
40000 1695391197
40000 1695391198
40000 1695391199
40000 1695391200
40000 1695391201
40000 1695391202
40000 1695391203
40000 1695391204
40000 1695391205
40000 1695391206
40000 1695391207
40000 1695391208
40000 1695391209
40000 1695391210
40000 1695391211
40000 1695391212
40000 1695391213
40000 1695391214
40000 1695391215
40000 1695391216
40000 1695391217
40000 1695391218
40000 1695391219
40000 1695391220
40000 1695391221
40000 1695391222
40000 1695391223
40000 1695391224
40000 1695391225
40000 1695391226
40000 1695391227
40000 1695391228
40000 1695391229
40000 1695391230
40000 1695391231
40000 1695391232
40000 1695391233
40000 1695391234
40000 1695391235
40000 1695391236
40000 1695391237
40000 1695391238
40000 1695391239
40000 1695391240
40000 1695391241
40000 1695391242
40000 1695391243
40000 1695391244
40000 1695391245
40000 1695391246
40000 1695391247
40000 1695391248
40000 1695391249
40000 1695391250
40000 1695391251
40000 1695391252
40000 1695391253
40000 1695391254
40000 1695391255
40000 1695391256
40000 1695391257
40000 1695391258
40000 1695391259
40000 1695391260
40000 1695391261
40000 1695391262
40000 1695391263
40000 1695391264
40000 1695391265
40000 1695391266
40000 1695391267
40000 1695391268
40000 1695391269
40000 1695391270
40000 1695391271
40000 1695391272
40000 1695391273
40000 1695391274
40000 1695391275
40000 1695391276
40000 1695391277
40000 1695391278
40000 1695391279
40000 1695391280
40000 1695391281
40000 1695391282
40000 1695391283
40000 1695391284
40000 1695391285
40000 1695391286
40000 1695391287
40000 1695391288
40000 1695391289
40000 1695391290
40000 1695391291
40000 1695391292
40000 1695391293
40000 1695391294
40000 1695391295
40000 1695391296
40000 1695391297
40000 1695391298
40000 1695391299
40000 1695391300
40000 1695391301
40000 1695391302
40000 1695391303
40000 1695391304
40000 1695391305
40000 1695391306
40000 1695391307
40000 1695391308
40000 1695391309
40000 1695391310
40000 1695391311
40000 1695391312
40000 1695391313
40000 1695391314
40000 1695391315
40000 1695391316
40000 1695391317
40000 1695391318
40000 1695391319
40000 1695391320
40000 1695391321
40000 1695391322
40000 1695391323
40000 1695391324
40000 1695391325
40000 1695391326
40000 1695391327
40000 1695391328
40000 1695391329
40000 1695391330
40000 1695391331
40000 1695391332
40000 1695391333
40000 1695391334
40000 1695391335
40000 1695391336
40000 1695391337
40000 1695391338
40000 1695391339
40000 1695391340
40000 1695391341
40000 1695391342
40000 1695391343
40000 1695391344
40000 1695391345
40000 1695391346
40000 1695391347
40000 1695391348
40000 1695391349
40000 1695391350
40000 1695391351
40000 1695391352
40000 1695391353
40000 1695391354
40000 1695391355
40000 1695391356
40000 1695391357
40000 1695391358
40000 1695391359
40000 1695391360
40000 1695391361
40000 1695391362
40000 1695391363
40000 1695391364
40000 1695391365
40000 1695391366
40000 1695391367
40000 1695391368
40000 1695391369
40000 1695391370
40000 1695391371
40000 1695391372
40000 1695391373
40000 1695391374
40000 1695391375
40000 1695391376
40000 1695391377
40000 1695391378
40000 1695391379
40000 1695391380
40000 1695391381
40000 1695391382
40000 1695391383
40000 1695391384
40000 1695391385
40000 1695391386
40000 1695391387
40000 1695391388
40000 1695391389
40000 1695391390
40000 1695391391
40000 1695391392
40000 1695391393
40000 1695391394
40000 1695391395
40000 1695391396
40000 1695391397
40000 1695391398
40000 1695391399
40000 1695391400
40000 1695391401
40000 1695391402
40000 1695391403
40000 1695391404
40000 1695391405
40000 1695391406
40000 1695391407
40000 1695391408
40000 1695391409
40000 1695391410
40000 1695391411
40000 1695391412
40000 1695391413
40000 1695391414
40000 1695391415
40000 1695391416
40000 1695391417
40000 1695391418
40000 1695391419
40000 1695391420
40000 1695391421
40000 1695391422
40000 1695391423
40000 1695391424
40000 1695391425
40000 1695391426
40000 1695391427
40000 1695391428
40000 1695391429
40000 1695391430
40000 1695391431
40000 1695391432
40000 1695391433
40000 1695391434
40000 1695391435
40000 1695391436
40000 1695391437
40000 1695391438
40000 1695391439
40000 1695391440
40000 1695391441
40000 1695391442
40000 1695391443
40000 1695391444
40000 1695391445
40000 1695391446
40000 1695391447
40000 1695391448
40000 1695391449
40000 1695391450
40000 1695391451
40000 1695391452
40000 1695391453
40000 1695391454
40000 1695391455
40000 1695391456
40000 1695391457
40000 1695391458
40000 1695391459
40000 1695391460
40000 1695391461
40000 1695391462
40000 1695391463
40000 1695391464
40000 1695391465
40000 1695391466
40000 1695391467
40000 1695391468
40000 1695391469
40000 1695391470
40000 1695391471
40000 1695391472
40000 1695391473
40000 1695391474
40000 1695391475
40000 1695391476
40000 1695391477
40000 1695391478
40000 1695391479
40000 1695391480
40000 1695391481
40000 1695391482
40000 1695391483
40000 1695391484
40000 1695391485
40000 1695391486
40000 1695391487
40000 1695391488
40000 1695391489
40000 1695391490
40000 1695391491
40000 1695391492
40000 1695391493
40000 1695391494
40000 1695391495
40000 1695391496
40000 1695391497
40000 1695391498
40000 1695391499
40000 1695391500
40000 1695391501
40000 1695391502
40000 1695391503
40000 1695391504
40000 1695391505
40000 1695391506
40000 1695391507
40000 1695391508
40000 1695391509
40000 1695391510
40000 1695391511
40000 1695391512
40000 1695391513
40000 1695391514
40000 1695391515
40000 1695391516
40000 1695391517
40000 1695391518
40000 1695391519
40000 1695391520
40000 1695391521
40000 1695391522
40000 1695391523
40000 1695391524
40000 1695391525
40000 1695391526
40000 1695391527
40000 1695391528
40000 1695391529
40000 1695391530
40000 1695391531
40000 1695391532
40000 1695391533
40000 1695391534
40000 1695391535
40000 1695391536
40000 1695391537
40000 1695391538
40000 1695391539
40000 1695391540
40000 1695391541
40000 1695391542
40000 1695391543
40000 1695391544
40000 1695391545
40000 1695391546
40000 1695391547
40000 1695391548
40000 1695391549
40000 1695391550
40000 1695391551
40000 1695391552
40000 1695391553
40000 1695391554
40000 1695391555
40000 1695391556
40000 1695391557
40000 1695391558
40000 1695391559
40000 1695391560
40000 1695391561
40000 1695391562
40000 1695391563
40000 1695391564
40000 1695391565
40000 1695391566
40000 1695391567
40000 1695391568
40000 1695391569
40000 1695391570
40000 1695391571
40000 1695391572
40000 1695391573
40000 1695391574
40000 1695391575
40000 1695391576
40000 1695391577
40000 1695391578
40000 1695391579
40000 1695391580
40000 1695391581
40000 1695391582
40000 1695391583
40000 1695391584
40000 1695391585
40000 1695391586
40000 1695391587
40000 1695391588
40000 1695391589
40000 1695391590
40000 1695391591
40000 1695391592
40000 1695391593
40000 1695391594
40000 1695391595
40000 1695391596
40000 1695391597
40000 1695391598
40000 1695391599
40000 1695391600
40000 1695391601
40000 1695391602
40000 1695391603
40000 1695391604
40000 1695391605
