40000 1695393125
40000 1695393126
40007 1695393127
40004 1695393128
40003 1695393129
40007 1695393130
40003 1695393131
40002 1695393132
40007 1695393133
40006 1695393134
40002 1695393135
40005 1695393136
40003 1695393137
40002 1695393138
40000 1695393139
40002 1695393140
40003 1695393141
40002 1695393142
40001 1695393143
40002 1695393144
40003 1695393145
40004 1695393146
40005 1695393147
40004 1695393148
40001 1695393149
40003 1695393150
40006 1695393151
40003 1695393152
40005 1695393153
40004 1695393154
40003 1695393155
40003 1695393156
40003 1695393157
40002 1695393158
40003 1695393159
40004 1695393160
40007 1695393161
40005 1695393162
40004 1695393163
40001 1695393164
40005 1695393165
40003 1695393166
40005 1695393167
40004 1695393168
40001 1695393169
40002 1695393170
40002 1695393171
140 1695393172
40007 1695393172
40002 1695393173
40000 1695393174
40000 1695393175
40003 1695393176
40001 1695393177
40001 1695393178
40006 1695393179
40005 1695393180
40004 1695393181
40003 1695393182
40003 1695393183
40003 1695393184
40000 1695393185
40004 1695393186
40004 1695393187
40003 1695393188
40003 1695393189
40002 1695393190
40003 1695393191
40003 1695393192
40002 1695393193
40004 1695393194
40003 1695393195
40000 1695393196
40001 1695393197
40002 1695393198
40007 1695393199
40002 1695393200
40003 1695393201
40002 1695393202
40002 1695393203
40002 1695393204
40006 1695393205
40002 1695393206
40004 1695393207
40004 1695393208
40005 1695393209
40005 1695393210
40003 1695393211
40003 1695393212
40005 1695393213
40005 1695393214
40005 1695393215
40003 1695393216
40002 1695393217
40004 1695393218
40005 1695393219
40003 1695393220
40006 1695393221
40002 1695393222
40006 1695393223
40002 1695393224
40001 1695393225
40004 1695393226
40002 1695393227
40002 1695393228
40001 1695393229
40001 1695393230
40005 1695393231
40003 1695393232
300 1695393233
40005 1695393233
40003 1695393234
40000 1695393235
40005 1695393236
40003 1695393237
40002 1695393238
40004 1695393239
40001 1695393240
40002 1695393241
40007 1695393242
40007 1695393243
40002 1695393244
40000 1695393245
40006 1695393246
40000 1695393247
40007 1695393248
40001 1695393249
40006 1695393250
40007 1695393251
40005 1695393252
40005 1695393253
40002 1695393254
40003 1695393255
40005 1695393256
40003 1695393257
40004 1695393258
40003 1695393259
40003 1695393260
40003 1695393261
40000 1695393262
40002 1695393263
40003 1695393264
40000 1695393265
2060 1695393266
40002 1695393266
40003 1695393267
40002 1695393268
40002 1695393269
40000 1695393270
40005 1695393271
40002 1695393272
40003 1695393273
40004 1695393274
40002 1695393275
40001 1695393276
40002 1695393277
40006 1695393278
40006 1695393279
40002 1695393280
40002 1695393281
40008 1695393282
40003 1695393283
40004 1695393284
40005 1695393285
40001 1695393286
40003 1695393287
2940 1695393288
40004 1695393288
40001 1695393289
40002 1695393290
40006 1695393291
40004 1695393292
40004 1695393293
40004 1695393294
40001 1695393295
40002 1695393296
40001 1695393297
40006 1695393298
40003 1695393299
40004 1695393300
40000 1695393301
40001 1695393302
40001 1695393303
40001 1695393304
40001 1695393305
40004 1695393306
40000 1695393307
40003 1695393308
40004 1695393309
40002 1695393310
40001 1695393311
40001 1695393312
40001 1695393313
40005 1695393314
40002 1695393315
40004 1695393316
40002 1695393317
40002 1695393318
40002 1695393319
40004 1695393320
40004 1695393321
40002 1695393322
40003 1695393323
40003 1695393324
40003 1695393325
40001 1695393326
40000 1695393327
40002 1695393328
40005 1695393329
40001 1695393330
40003 1695393331
40002 1695393332
40003 1695393333
40008 1695393334
40002 1695393335
40001 1695393336
40002 1695393337
40005 1695393338
40001 1695393339
40007 1695393340
40007 1695393341
40003 1695393342
40003 1695393343
40002 1695393344
40004 1695393345
40002 1695393346
40002 1695393347
40008 1695393348
40004 1695393349
40005 1695393350
40001 1695393351
40001 1695393352
40003 1695393353
40005 1695393354
40001 1695393355
40002 1695393356
40003 1695393357
40002 1695393358
40006 1695393359
40003 1695393360
40009 1695393361
40004 1695393362
40000 1695393363
40002 1695393364
40002 1695393365
40002 1695393366
40002 1695393367
40006 1695393368
40002 1695393369
40004 1695393370
40005 1695393371
40004 1695393372
40002 1695393373
40004 1695393374
40004 1695393375
40002 1695393376
40002 1695393377
40005 1695393378
40005 1695393379
40003 1695393380
40003 1695393381
40004 1695393382
40001 1695393383
40005 1695393384
40001 1695393385
40004 1695393386
40004 1695393387
40008 1695393388
40003 1695393389
40006 1695393390
40003 1695393391
40006 1695393392
40002 1695393393
40002 1695393394
40005 1695393395
40004 1695393396
40003 1695393397
40002 1695393398
40001 1695393399
40005 1695393400
40007 1695393401
40002 1695393402
40003 1695393403
40005 1695393404
40007 1695393405
40006 1695393406
40003 1695393407
40003 1695393408
40005 1695393409
40007 1695393410
40002 1695393411
40001 1695393412
40002 1695393413
40003 1695393414
40005 1695393415
40007 1695393416
40004 1695393417
40006 1695393418
40004 1695393419
40004 1695393420
40005 1695393421
40003 1695393422
40002 1695393423
40002 1695393424
40000 1695393425
40000 1695393426
40000 1695393427
40000 1695393428
