40000 1698758988
40000 1698758989
40006 1698758990
40004 1698758991
40004 1698758992
3420 1698758992
1420 1698758993
40005 1698758993
40004 1698758994
40002 1698758995
40006 1698758996
40004 1698758997
40004 1698758998
40007 1698758999
40004 1698759000
40005 1698759001
40003 1698759002
40002 1698759003
40003 1698759004
40002 1698759005
900 1698759005
40004 1698759006
40008 1698759007
40006 1698759008
40002 1698759009
40005 1698759010
40007 1698759011
40002 1698759012
40002 1698759013
40003 1698759014
40007 1698759015
40001 1698759016
40003 1698759017
40002 1698759018
40004 1698759019
40004 1698759020
40008 1698759021
40003 1698759022
40006 1698759023
40002 1698759024
40001 1698759025
40002 1698759026
40002 1698759027
40002 1698759028
40006 1698759029
40010 1698759030
40003 1698759031
40008 1698759032
40002 1698759033
40004 1698759034
40006 1698759035
40006 1698759036
40003 1698759037
40002 1698759038
40001 1698759039
40002 1698759040
40003 1698759041
40003 1698759042
40002 1698759043
40003 1698759044
40002 1698759045
40002 1698759046
40005 1698759047
40005 1698759048
40003 1698759049
40006 1698759050
40006 1698759051
40005 1698759052
40007 1698759053
40002 1698759054
40004 1698759055
40008 1698759056
40005 1698759057
40004 1698759058
40008 1698759059
40006 1698759060
40006 1698759061
40003 1698759062
40004 1698759063
40006 1698759064
40001 1698759065
40001 1698759066
40004 1698759067
40003 1698759068
40004 1698759069
40003 1698759070
40004 1698759071
40005 1698759072
40005 1698759073
40002 1698759074
40004 1698759075
40002 1698759076
40006 1698759077
40004 1698759078
40008 1698759079
40007 1698759080
40007 1698759081
40004 1698759082
40002 1698759083
40005 1698759084
40007 1698759085
40002 1698759086
40005 1698759087
40004 1698759088
40003 1698759089
40001 1698759090
40001 1698759091
40006 1698759092
40006 1698759093
40003 1698759094
40007 1698759095
40002 1698759096
40006 1698759097
40001 1698759098
40003 1698759099
40005 1698759100
40002 1698759101
40003 1698759102
40006 1698759103
40002 1698759104
40008 1698759105
40003 1698759106
40003 1698759107
40004 1698759108
40007 1698759109
40004 1698759110
40007 1698759111
40003 1698759112
40007 1698759113
40005 1698759114
40003 1698759115
40002 1698759116
40006 1698759117
440 1698759117
40006 1698759118
40002 1698759119
40004 1698759120
40005 1698759121
40002 1698759122
40004 1698759123
40005 1698759124
40003 1698759125
40007 1698759126
40004 1698759127
40002 1698759128
40005 1698759129
40007 1698759130
40001 1698759131
40002 1698759132
40003 1698759133
40006 1698759134
40003 1698759135
40003 1698759136
40009 1698759137
40004 1698759138
40005 1698759139
40001 1698759140
40006 1698759141
40007 1698759142
40001 1698759143
40003 1698759144
40004 1698759145
40006 1698759146
40004 1698759147
40007 1698759148
40005 1698759149
40002 1698759150
5900 1698759151
40008 1698759151
40003 1698759152
40007 1698759153
40003 1698759154
40003 1698759155
40009 1698759156
40006 1698759157
40006 1698759158
40007 1698759159
40004 1698759160
40002 1698759161
40003 1698759162
40003 1698759163
40009 1698759164
40002 1698759165
440 1698759165
40006 1698759166
40004 1698759167
40003 1698759168
40003 1698759169
40006 1698759170
40003 1698759171
40007 1698759172
40003 1698759173
40004 1698759174
40003 1698759175
40004 1698759176
40003 1698759177
40006 1698759178
40006 1698759179
40003 1698759180
40006 1698759181
40004 1698759182
40003 1698759183
40005 1698759184
40002 1698759185
40003 1698759186
40004 1698759187
40005 1698759188
40005 1698759189
40006 1698759190
40007 1698759191
40003 1698759192
40003 1698759193
40005 1698759194
40005 1698759195
40006 1698759196
40007 1698759197
40005 1698759198
40004 1698759199
40005 1698759200
40002 1698759201
40006 1698759202
40005 1698759203
40007 1698759204
40002 1698759205
40003 1698759206
40004 1698759207
40003 1698759208
40005 1698759209
40006 1698759210
40002 1698759211
40002 1698759212
40002 1698759213
40007 1698759214
40001 1698759215
40004 1698759216
40010 1698759217
40007 1698759218
40003 1698759219
40003 1698759220
40001 1698759221
40005 1698759222
40000 1698759223
40003 1698759224
40001 1698759225
40001 1698759226
40007 1698759227
40003 1698759228
40007 1698759229
40002 1698759230
40005 1698759231
40004 1698759232
40007 1698759233
40006 1698759234
40002 1698759235
40004 1698759236
40003 1698759237
40003 1698759238
40003 1698759239
40005 1698759240
40005 1698759241
40003 1698759242
40003 1698759243
40002 1698759244
40005 1698759245
40007 1698759246
40005 1698759247
40008 1698759248
40005 1698759249
40000 1698759250
40001 1698759251
40004 1698759252
40005 1698759253
40006 1698759254
40006 1698759255
40003 1698759256
40008 1698759257
40006 1698759258
40002 1698759259
40005 1698759260
40004 1698759261
40010 1698759262
3600 1698759263
40008 1698759263
40005 1698759264
40003 1698759265
40005 1698759266
40005 1698759267
40005 1698759268
40006 1698759269
40001 1698759270
40005 1698759271
40004 1698759272
40003 1698759273
40004 1698759274
40006 1698759275
40002 1698759276
40004 1698759277
40002 1698759278
40002 1698759279
40002 1698759280
40005 1698759281
40002 1698759282
40002 1698759283
40002 1698759284
40004 1698759285
40004 1698759286
40002 1698759287
40007 1698759288
40002 1698759289
40001 1698759290
40006 1698759291
40006 1698759292
40004 1698759293
40002 1698759294
40003 1698759295
40003 1698759296
40005 1698759297
40004 1698759298
40003 1698759299
40003 1698759300
40005 1698759301
40005 1698759302
1860 1698759303
40003 1698759303
40006 1698759304
40005 1698759305
40004 1698759306
40004 1698759307
40002 1698759308
40002 1698759309
1080 1698759310
40006 1698759310
40000 1698759311
40004 1698759312
40004 1698759313
40006 1698759314
40001 1698759315
40002 1698759316
40006 1698759317
40003 1698759318
40004 1698759319
40002 1698759320
40007 1698759321
40007 1698759322
40003 1698759323
40003 1698759324
40005 1698759325
40002 1698759326
40010 1698759327
40004 1698759328
40004 1698759329
40005 1698759330
40004 1698759331
40002 1698759332
40005 1698759333
40002 1698759334
40008 1698759335
40004 1698759336
40004 1698759337
40002 1698759338
40009 1698759339
40005 1698759340
40004 1698759341
40002 1698759342
40006 1698759343
40002 1698759344
40001 1698759345
40003 1698759346
40006 1698759347
920 1698759348
40005 1698759348
40004 1698759349
40004 1698759350
40002 1698759351
40003 1698759352
40003 1698759353
40005 1698759354
40003 1698759355
40002 1698759356
40004 1698759357
40006 1698759358
40002 1698759359
40006 1698759360
40007 1698759361
40004 1698759362
40003 1698759363
40004 1698759364
40007 1698759365
40002 1698759366
2980 1698759367
40004 1698759367
40006 1698759368
40000 1698759369
40006 1698759370
40005 1698759371
40003 1698759372
40007 1698759373
40005 1698759374
40003 1698759375
40005 1698759376
40006 1698759377
40003 1698759378
40003 1698759379
40006 1698759380
40004 1698759381
40005 1698759382
40003 1698759383
40004 1698759384
40003 1698759385
40007 1698759386
40004 1698759387
40007 1698759388
40002 1698759389
40003 1698759390
40003 1698759391
40003 1698759392
40004 1698759393
40002 1698759394
40004 1698759395
40003 1698759396
40001 1698759397
40004 1698759398
40007 1698759399
40001 1698759400
40003 1698759401
40004 1698759402
40004 1698759403
40004 1698759404
40005 1698759405
40007 1698759406
40004 1698759407
40005 1698759408
40005 1698759409
40003 1698759410
40008 1698759411
40003 1698759412
40003 1698759413
40003 1698759414
40004 1698759415
40003 1698759416
40000 1698759417
40005 1698759418
40004 1698759419
40004 1698759420
40005 1698759421
40005 1698759422
40002 1698759423
40006 1698759424
40005 1698759425
40005 1698759426
40010 1698759427
40005 1698759428
40003 1698759429
40003 1698759430
40003 1698759431
40003 1698759432
40002 1698759433
40002 1698759434
40004 1698759435
40003 1698759436
40005 1698759437
40002 1698759438
40004 1698759439
40003 1698759440
40006 1698759441
40002 1698759442
40007 1698759443
40005 1698759444
40007 1698759445
40005 1698759446
40003 1698759447
40004 1698759448
40003 1698759449
1540 1698759449
40006 1698759450
40004 1698759451
40002 1698759452
40005 1698759453
40004 1698759454
40004 1698759455
40003 1698759456
40005 1698759457
40006 1698759458
40003 1698759459
40005 1698759460
40006 1698759461
40003 1698759462
40003 1698759463
40003 1698759464
40000 1698759465
40002 1698759466
40000 1698759467
40004 1698759468
40004 1698759469
40004 1698759470
40007 1698759471
40007 1698759472
40003 1698759473
40006 1698759474
40003 1698759475
40003 1698759476
40004 1698759477
40007 1698759478
40006 1698759479
40006 1698759480
40005 1698759481
40007 1698759482
40002 1698759483
440 1698759484
40007 1698759484
40004 1698759485
40004 1698759486
40006 1698759487
40007 1698759488
40005 1698759489
40003 1698759490
40003 1698759491
40004 1698759492
40003 1698759493
40001 1698759494
40002 1698759495
40006 1698759496
40004 1698759497
40003 1698759498
40002 1698759499
40003 1698759500
40005 1698759501
40006 1698759502
40001 1698759503
40006 1698759504
40006 1698759505
40002 1698759506
40007 1698759507
40008 1698759508
40003 1698759509
40007 1698759510
40003 1698759511
40007 1698759512
40004 1698759513
40002 1698759514
40002 1698759515
40006 1698759516
40002 1698759517
40004 1698759518
40003 1698759519
40003 1698759520
40001 1698759521
40003 1698759522
40003 1698759523
40005 1698759524
40002 1698759525
40001 1698759526
40005 1698759527
40003 1698759528
40007 1698759529
40006 1698759530
40007 1698759531
40005 1698759532
40002 1698759533
40006 1698759534
40004 1698759535
40000 1698759536
40004 1698759537
40004 1698759538
40006 1698759539
520 1698759540
40004 1698759540
40003 1698759541
40008 1698759542
40005 1698759543
40002 1698759544
40007 1698759545
40005 1698759546
40005 1698759547
360 1698759547
40008 1698759548
40002 1698759549
40000 1698759550
40006 1698759551
40004 1698759552
40005 1698759553
40009 1698759554
40005 1698759555
40006 1698759556
40007 1698759557
40004 1698759558
40002 1698759559
40003 1698759560
40004 1698759561
40004 1698759562
40002 1698759563
40004 1698759564
40002 1698759565
40005 1698759566
40009 1698759567
40003 1698759568
4520 1698759569
40006 1698759569
40003 1698759570
40004 1698759571
40004 1698759572
40008 1698759573
40008 1698759574
40002 1698759575
40002 1698759576
40006 1698759577
40006 1698759578
40002 1698759579
40002 1698759580
40003 1698759581
40005 1698759582
40005 1698759583
40004 1698759584
40004 1698759585
40008 1698759586
40005 1698759587
40003 1698759588
40000 1698759589
